   0.0000000000000000        8.9999999999999999E-011  0.44548808762964848        5.5808081882468521E-013   930.48071510766295     
   0.0000000000000000        9.7179764609493869E-011  0.44547609851209186        6.3476818565647906E-013   930.48120362100042     
   0.0000000000000000        1.0493229610618485E-010  0.44546350894995590        7.2181172025150630E-013   930.48171801830733     
   0.0000000000000000        1.1330328706147503E-010  0.44545029327381119        8.2057897878733957E-013   930.48225955845430     
   0.0000000000000000        1.2234207517906729E-010  0.44543642259828120        9.3262195845370128E-013   930.48282963469501     
   0.0000000000000000        1.3210193408598626E-010  0.44542186154241953        1.0597147191739826E-012   930.48342991992433     
   0.0000000000000000        1.4264038732150019E-010  0.44540657888852181        1.2038443390818261E-012   930.48406185977478     
   0.0000000000000000        1.5401954737456026E-010  0.44539055479890266        1.3672012529073439E-012   930.48472632865503     
   0.0000000000000000        1.6630648176800618E-010  0.44537374879263941        1.5523415296883152E-012   930.48542506780723     
   0.0000000000000000        1.7957360834719913E-010  0.44535612451809536        1.7621253823516049E-012   930.48615975658242     
   0.0000000000000000        1.9389912210286949E-010  0.44533765910147088        1.9996917907451997E-012   930.48693173625634     
   0.0000000000000000        2.0936745604382628E-010  0.44531830645312209        2.2687054029365830E-012   930.48774307567101     
   0.0000000000000000        2.2606977883586217E-010  0.44529802600169549        2.5732609538309311E-012   930.48859567912348     
   0.0000000000000000        2.4410453213988247E-010  0.44527679417377874        2.9178414656954933E-012   930.48949089644373     
   0.0000000000000000        2.6357801081627125E-010  0.44525455881350295        3.3076836863956840E-012   930.49043111912169     
   0.0000000000000000        2.8460498941515407E-010  0.44523127585243616        3.7486294409767872E-012   930.49141844284998     
   0.0000000000000000        3.0730939864502409E-010  0.44520692416392321        4.2470567133409357E-012   930.49245411260722     
   0.0000000000000000        3.3182505580676174E-010  0.44518144776196000        4.8104219991926058E-012   930.49354069037463     
   0.0000000000000000        3.5829645349814743E-010  0.44515479797589674        5.4470294073611672E-012   930.49468052264729     
   0.0000000000000000        3.8687961123740474E-010  0.44512694899483335        6.1659187359282305E-012   930.49587519499835     
   0.0000000000000000        4.1774299502514996E-010  0.44509783691137716        6.9776686394254076E-012   930.49712767704477     
   0.0000000000000000        4.5106851026454498E-010  0.44506740889184937        7.8940401277255858E-012   930.49844052782362     
   0.0000000000000000        4.8705257389181712E-010  0.44503564335916823        8.9277970836024804E-012   930.49981513714954     
   0.0000000000000000        5.2590727203616570E-010  0.44500247053640357        1.0093894041701860E-011   930.50125472124273     
   0.0000000000000000        5.6786161003217379E-010  0.44496783324900052        1.1408927431518950E-011   930.50276217169517     
   0.0000000000000000        6.1316286215216493E-010  0.44493171040970653        1.2890849474536997E-011   930.50433927375343     
   0.0000000000000000        6.6207802901367694E-010  0.44489402554417362        1.4560725625969527E-011   930.50598979292840     
   0.0000000000000000        7.1489541125185298E-010  0.44485471673671401        1.6441889734487430E-011   930.50771683169421     
   0.0000000000000000        7.7192630873180437E-010  0.44481376375327208        1.8559489435581327E-011   930.50952170026380     
   0.0000000000000000        8.3350685531591382E-010  0.44477108119092307        2.0943089182106168E-011   930.51140839878769     
   0.0000000000000000        8.9999999999999968E-010  0.44472660275697828        2.3625378284776682E-011   930.51338033061711     
   0.0000000000000000        9.7179764609493820E-010  0.44468031497836957        2.6641461052470633E-011   930.51543908503652     
   0.0000000000000000        1.0493229610618482E-009  0.44463212551947573        3.0032694833669460E-011   930.51758913594983     
   0.0000000000000000        1.1330328706147500E-009  0.44458196299499941        3.3844719224372211E-011   930.51983415709810     
   0.0000000000000000        1.2234207517906727E-009  0.44452981526807717        3.8126345044791803E-011   930.52217555487630     
   0.0000000000000000        1.3210193408598619E-009  0.44447557955230871        4.2935229222133222E-011   930.52461829546758     
   0.0000000000000000        1.4264038732150015E-009  0.44441917981668938        4.8334880439210360E-011   930.52716638417292     
   0.0000000000000000        1.5401954737456022E-009  0.44436061340342087        5.4392945060669671E-011   930.52982108582535     
   0.0000000000000000        1.6630648176800609E-009  0.44429976842739327        6.1189555937941304E-011   930.53258788358437     
   0.0000000000000000        1.7957360834719907E-009  0.44423656308206011        6.8812819275143819E-011   930.53547108537384     
   0.0000000000000000        1.9389912210286944E-009  0.44417099943367711        7.7356193777503581E-011   930.53847171039524     
   0.0000000000000000        2.0936745604382625E-009  0.44410295304043007        8.6930741629663568E-011   930.54159580985026     
   0.0000000000000000        2.2606977883586211E-009  0.44403233668600595        9.7658347736084799E-011   930.54484797703344     
   0.0000000000000000        2.4410453213988238E-009  0.44395916499911692        1.0966772458991767E-010   930.54822878882192     
   0.0000000000000000        2.6357801081627116E-009  0.44388330187611591        1.2311236736094037E-010   930.55174480084315     
   0.0000000000000000        2.8460498941515399E-009  0.44380465371803401        1.3816044692727291E-010   930.55540099642167     
   0.0000000000000000        3.0730939864502400E-009  0.44372324421794129        1.5498881294641008E-010   930.55919789374082     
   0.0000000000000000        3.3182505580676161E-009  0.44363892243731523        1.7380911287145313E-010   930.56314288964745     
   0.0000000000000000        3.5829645349814726E-009  0.44355158761811597        1.9485284416410438E-010   930.56724131696308     
   0.0000000000000000        3.8687961123740472E-009  0.44346127701978150        2.1836240426993101E-010   930.57149287196535     
   0.0000000000000000        4.1774299502514982E-009  0.44336782334602837        2.4462896900793854E-010   930.57590563060535     
   0.0000000000000000        4.5106851026454472E-009  0.44327111808193109        2.7397053442795305E-010   930.58048531165048     
   0.0000000000000000        4.8705257389181700E-009  0.44317121406292015        3.0671869842994688E-010   930.58523112567639     
   0.0000000000000000        5.2590727203616556E-009  0.44306792628739172        3.4327324250104185E-010   930.59015197013082     
   0.0000000000000000        5.6786161003217352E-009  0.44296113754756827        3.8407015435265049E-010   930.59525402465806     
   0.0000000000000000        6.1316286215216470E-009  0.44285091683296496        4.2956229965867340E-010   930.60053592401880     
   0.0000000000000000        6.6207802901367675E-009  0.44273705844083128        4.8029758638990215E-010   930.60600759651152     
   0.0000000000000000        7.1489541125185285E-009  0.44261943507073676        5.3687277306800251E-010   930.61167566704205     
   0.0000000000000000        7.7192630873180414E-009  0.44249813509505370        5.9990545731971870E-010   930.61753774060924     
   0.0000000000000000        8.3350685531591345E-009  0.44237293067308048        6.7014530772178226E-010   930.62360473905687     
   0.0000000000000000        8.9999999999999929E-009  0.44224368329280661        7.4840790072513988E-010   930.62988383506399     
   0.0000000000000000        9.7179764609493795E-009  0.44211050034345251        8.3553453292212349E-010   930.63637185020650     
   0.0000000000000000        1.0493229610618477E-008  0.44197312761806068        9.3254941931138532E-010   930.64308092087390     
   0.0000000000000000        1.1330328706147496E-008  0.44183141462637010        1.0405656998353641E-009   930.65001877785460     
   0.0000000000000000        1.2234207517906720E-008  0.44168549520000477        1.1607282836713743E-009   930.65718107367684     
   0.0000000000000000        1.3210193408598615E-008  0.44153508935968638        1.2944346038679189E-009   930.66458122191898     
   0.0000000000000000        1.4264038732150009E-008  0.44138003267353593        1.4432020971620674E-009   930.67222764405687     
   0.0000000000000000        1.5401954737456010E-008  0.44122047957673244        1.6085875826837702E-009   930.68011498753367     
   0.0000000000000000        1.6630648176800604E-008  0.44105611847052878        1.7924953408257881E-009   930.68825823655777     
   0.0000000000000000        1.7957360834719899E-008  0.44088677045438146        1.9969916784768302E-009   930.69666644924666     
   0.0000000000000000        1.9389912210286936E-008  0.44071262079107620        2.2241921624408901E-009   930.70533252531186     
   0.0000000000000000        2.0936745604382617E-008  0.44053332646751980        2.4766889089621915E-009   930.71427282931859     
   0.0000000000000000        2.2606977883586199E-008  0.44034869185847486        2.7572928160631528E-009   930.72349726466541     
   0.0000000000000000        2.4410453213988230E-008  0.44015892779054250        3.0688768391918055E-009   930.73299783208222     
   0.0000000000000000        2.6357801081627102E-008  0.43996365466980414        3.4149655615381741E-009   930.74279285241641     
   0.0000000000000000        2.8460498941515381E-008  0.43976265898296224        3.7993792981501520E-009   930.75289307702565     
   0.0000000000000000        3.0730939864502389E-008  0.43955618427935073        4.2260180629641818E-009   930.76328854251756     
   0.0000000000000000        3.3182505580676149E-008  0.43934381270548201        4.6996702781318980E-009   930.77399946219305     
   0.0000000000000000        3.5829645349814721E-008  0.43912531198717453        5.2255238771715401E-009   930.78503751415451     
   0.0000000000000000        3.8687961123740449E-008  0.43890095993336425        5.8088696018627378E-009   930.79639095737798     
   0.0000000000000000        4.1774299502514962E-008  0.43867029827875331        6.4562067137454023E-009   930.80808197244482     
   0.0000000000000000        4.5106851026454457E-008  0.43843307364016415        7.1745746443537840E-009   930.82012330906798     
   0.0000000000000000        4.8705257389181680E-008  0.43818959744420116        7.9711482148051201E-009   930.83250167970175     
   0.0000000000000000        5.2590727203616516E-008  0.43793936673219841        8.8547418677568233E-009   930.84524167041559     
   0.0000000000000000        5.6786161003217327E-008  0.43768210595918994        9.8349003901837200E-009   930.85835705774639     
   0.0000000000000000        6.1316286215216457E-008  0.43741816556332980        1.0921348923510750E-008   930.87183209301736     
   0.0000000000000000        6.6207802901367652E-008  0.43714699559570386        1.2126033084931637E-008   930.88569367560126     
   0.0000000000000000        7.1489541125185252E-008  0.43686829728915733        1.3461885429175042E-008   930.89995686168754     
   0.0000000000000000        7.7192630873180381E-008  0.43658246221636732        1.4942080184440142E-008   930.91460405316082     
   0.0000000000000000        8.3350685531591325E-008  0.43628889030991930        1.6582793577345171E-008   930.92966485515365     
   0.0000000000000000        8.9999999999999893E-008  0.43598725702796676        1.8401536242088150E-008   930.94515556547719     
   0.0000000000000000        9.7179764609493746E-008  0.43567799662623369        2.0416147944130282E-008   930.96105599303235     
   0.0000000000000000        1.0493229610618473E-007  0.43536045572230753        2.2648519755623910E-008   930.97739846929437     
   0.0000000000000000        1.1330328706147491E-007  0.43503428350369544        2.5122345446111828E-008   930.99420068223299     
   0.0000000000000000        1.2234207517906716E-007  0.43469996082718299        2.7861767493499735E-008   931.01144007137384     
   0.0000000000000000        1.3210193408598610E-007  0.43435677737119543        3.0896389896901359E-008   931.02915195728247     
   0.0000000000000000        1.4264038732150005E-007  0.43400435363120143        3.4258251200228860E-008   931.04735547604491     
   0.0000000000000000        1.5401954737456008E-007  0.43364321959877694        3.7980005518653968E-008   931.06602539487596     
   0.0000000000000000        1.6630648176800597E-007  0.43327260431183379        4.2101660617853909E-008   931.08520034526634     
   0.0000000000000000        1.7957360834719894E-007  0.43289209831613157        4.6666510272129663E-008   931.10490104467192     
   0.0000000000000000        1.9389912210286929E-007  0.43250228512656347        5.1718693636816555E-008   931.12509911041434     
   0.0000000000000000        2.0936745604382610E-007  0.43210232990186498        5.7312240991648333E-008   931.14583641757099     
   0.0000000000000000        2.2606977883586193E-007  0.43169179043533862        6.3505614884654143E-008   931.16713532958954     
   0.0000000000000000        2.4410453213988219E-007  0.43127130413407655        7.0358440977538551E-008   931.18896465463956     
   0.0000000000000000        2.6357801081627090E-007  0.43083996712606176        7.7943636910890857E-008   931.21136993904474     
   0.0000000000000000        2.8460498941515376E-007  0.43039730457229020        8.6340094618091245E-008   931.23437527434885     
   0.0000000000000000        3.0730939864502375E-007  0.42994401672965193        9.5628305442969124E-008   931.25794599777635     
   0.0000000000000000        3.3182505580676128E-007  0.42947912736397365        1.0590660843144636E-007   931.28213142035850     
   0.0000000000000000        3.5829645349814703E-007  0.42900212458251114        1.1728138593212409E-007   931.30695750235691     
   0.0000000000000000        3.8687961123740433E-007  0.42851377096626786        1.2986121200449129E-007   931.33238625532658     
   0.0000000000000000        4.1774299502514957E-007  0.42801301372570716        1.4377860770708152E-007   931.35847118136712     
   0.0000000000000000        4.5106851026454445E-007  0.42749930363437905        1.5917691673509710E-007   931.38524009165496     
   0.0000000000000000        4.8705257389181651E-007  0.42697347221008602        1.7620249018505384E-007   931.41265068871428     
   0.0000000000000000        5.2590727203616506E-007  0.42643438525070493        1.9503378161231580E-007   931.44076049021317     
   0.0000000000000000        5.6786161003217303E-007  0.42588145496956470        2.1586378570585500E-007   931.46959944300318     
   0.0000000000000000        6.1316286215216415E-007  0.42531558815089188        2.3888959686613127E-007   931.49912186154131     
   0.0000000000000000        6.6207802901367620E-007  0.42473556527706757        2.6435131797399871E-007   931.52938989390816     
   0.0000000000000000        7.1489541125185234E-007  0.42414075536614620        2.9250857017968244E-007   931.56043547918966     
   0.0000000000000000        7.7192630873180354E-007  0.42353214002234929        3.2362655892370229E-007   931.59220828251932     
   0.0000000000000000        8.3350685531591293E-007  0.42290840723864148        3.5802805482109046E-007   931.62477527774524     
   0.0000000000000000        8.9999999999999869E-007  0.42226888359616815        3.9606199730457717E-007   931.65817064999737     
   0.0000000000000000        9.7179764609493724E-007  0.42161463970622115        4.3808490930964071E-007   931.69233923404067     
   0.0000000000000000        1.0493229610618470E-006  0.42094426879840707        4.8453029729176990E-007   931.72735286938621     
   0.0000000000000000        1.1330328706147486E-006  0.42025705110065020        5.3586669734537136E-007   931.76324799609949     
   0.0000000000000000        1.2234207517906712E-006  0.41955414232997640        5.9257288894896453E-007   931.79996456569813     
   0.0000000000000000        1.3210193408598604E-006  0.41883403140917508        6.5523051248461310E-007   931.83757948024379     
   0.0000000000000000        1.4264038732149998E-006  0.41809595209169231        7.2446804465743481E-007   931.87613155585427     
   0.0000000000000000        1.5401954737456004E-006  0.41734116793049225        8.0092779752898718E-007   931.91555588760878     
   0.0000000000000000        1.6630648176800590E-006  0.41656806212629854        8.8538935780207505E-007   931.95593518489738     
   0.0000000000000000        1.7957360834719887E-006  0.41577581277216780        9.7869480564943556E-007   931.99731054752340     
   0.0000000000000000        1.9389912210286922E-006  0.41496577150865127        1.0817047524435793E-006   932.03961052033083     
   0.0000000000000000        2.0936745604382599E-006  0.41413620426411396        1.1954628519178295E-006   932.08292337945011     
   0.0000000000000000        2.2606977883586183E-006  0.41328623356876865        1.3210960236749220E-006   932.12729291864321     
   0.0000000000000000        2.4410453213988212E-006  0.41241731693298850        1.4597559584942627E-006   932.17264193527012     
   0.0000000000000000        2.6357801081627083E-006  0.41152759706328007        1.6128380652083749E-006   932.21906445667832     
   0.0000000000000000        2.8460498941515362E-006  0.41061615198330403        1.7818485706984916E-006   932.26660658511105     
   0.0000000000000000        3.0730939864502356E-006  0.40968458714417777        1.9683268580506768E-006   932.31518470485230     
   0.0000000000000000        3.3182505580676115E-006  0.40873092586852983        2.1741362899659054E-006   932.36489930299683     
   0.0000000000000000        3.5829645349814691E-006  0.40775417416280180        2.4012871735446703E-006   932.41579912531950     
   0.0000000000000000        3.8687961123740417E-006  0.40675604303126950        2.6518337028072553E-006   932.46779315725780     
   0.0000000000000000        4.1774299502514930E-006  0.40573443100906148        2.9282604185424922E-006   932.52098812180645     
   0.0000000000000000        4.5106851026454419E-006  0.40468831619731332        3.2332467795681590E-006   932.57543524106643     
   0.0000000000000000        4.8705257389181644E-006  0.40361957929376396        3.5695304622701832E-006   932.63103614017916     
   0.0000000000000000        5.2590727203616487E-006  0.40252599182111037        3.9404194384843360E-006   932.68790428636339     
   0.0000000000000000        5.6786161003217282E-006  0.40140646613167957        4.3494791560795226E-006   932.74609348959939     
   0.0000000000000000        6.1316286215216404E-006  0.40026300814801080        4.8003514220914050E-006   932.80549705054909     
   0.0000000000000000        6.6207802901367599E-006  0.39909321814638266        5.2974323405970925E-006   932.86623527258598     
   0.0000000000000000        7.1489541125185189E-006  0.39789593074039759        5.8454574832426260E-006   932.92836444694456     
   0.0000000000000000        7.7192630873180325E-006  0.39667330839856479        6.4492626828222091E-006   932.99176909659525     
   0.0000000000000000        8.3350685531591268E-006  0.39542280509961869        7.1146797455995159E-006   933.05657634747024     
   0.0000000000000000        8.9999999999999833E-006  0.39414319978125451        7.8479869301127510E-006   933.12284490002969     
   0.0000000000000000        9.7179764609493669E-006  0.39283683290323573        8.6555934087269512E-006   933.19045027871027     
   0.0000000000000000        1.0493229610618465E-005  0.39150101009549099        9.5452202275390241E-006   933.25952702309098     
   0.0000000000000000        1.1330328706147482E-005  0.39013444345897746        1.0525173365152719E-005   933.33013623707996     
   0.0000000000000000        1.2234207517906706E-005  0.38873963683166934        1.1603928382501753E-005   933.40214298329420     
   0.0000000000000000        1.3210193408598599E-005  0.38731372306977879        1.2791684528556183E-005   933.47568882238056     
   0.0000000000000000        1.4264038732149992E-005  0.38585534356233087        1.4099405384208147E-005   933.55083693441793     
   0.0000000000000000        1.5401954737455995E-005  0.38436720225295956        1.5538274191068666E-005   933.62744188635247     
   0.0000000000000000        1.6630648176800585E-005  0.38284624917070220        1.7121731987460765E-005   933.70565268494215     
   0.0000000000000000        1.7957360834719879E-005  0.38129104704515843        1.8864214671230070E-005   933.78553463405774     
   0.0000000000000000        1.9389912210286915E-005  0.37970450112066856        2.0780439737551383E-005   933.86693063675989     
   0.0000000000000000        2.0936745604382591E-005  0.37808340338251084        2.2888074512907558E-005   933.94999674208702     
   0.0000000000000000        2.2606977883586176E-005  0.37642627373559978        2.5206077393164735E-005   934.03479980278098     
   0.0000000000000000        2.4410453213988204E-005  0.37473626414521355        2.7753767282444768E-005   934.12117074348646     
   0.0000000000000000        2.6357801081627071E-005  0.37300998698910659        3.0554300874264094E-005   934.20927307652596     
   0.0000000000000000        2.8460498941515353E-005  0.37124588748335408        3.3632499938524219E-005   934.29917524595805     
   0.0000000000000000        3.0730939864502345E-005  0.36944733136031471        3.7013641348014667E-005   934.39069502463587     
   0.0000000000000000        3.3182505580676108E-005  0.36761071787952382        4.0727976595648566E-005   934.48400289509982     
   0.0000000000000000        3.5829645349814670E-005  0.36573440671764162        4.4807895194491289E-005   934.57916827524241     
   0.0000000000000000        3.8687961123740407E-005  0.36382196750375978        4.9286352959777591E-005   934.67599503352631     
   0.0000000000000000        4.1774299502514922E-005  0.36186956819257587        5.4202726500381833E-005   934.77466051385557     
   0.0000000000000000        4.5106851026454404E-005  0.35987548845257267        5.9599127123330684E-005   934.87523467127369     
   0.0000000000000000        4.8705257389181632E-005  0.35784360645397978        6.5518380869211202E-005   934.97750658100779     
   0.0000000000000000        5.2590727203616466E-005  0.35576994195056094        7.2011564268768916E-005   935.08166017771430     
   0.0000000000000000        5.6786161003217263E-005  0.35365272851467294        7.9133219200834922E-005   935.18776548351798     
   0.0000000000000000        6.1316286215216384E-005  0.35149608339217625        8.6938751805233871E-005   935.29559587669723     
   0.0000000000000000        6.6207802901367568E-005  0.34929576830211212        9.5494095105622465E-005   935.40534132037135     
   0.0000000000000000        7.1489541125185181E-005  0.34704994734483835        1.0486955911833014E-004   935.51707122411426     
   0.0000000000000000        7.7192630873180291E-005  0.34476309083630580        1.1513652768432086E-004   935.63054247031369     
   0.0000000000000000        8.3350685531591203E-005  0.34243080366056572        1.2637975219424009E-004   935.74595069121392     
   0.0000000000000000        8.9999999999999789E-005  0.34005119040241688        1.3868944215076655E-004   935.86336405007648     
   0.0000000000000000        9.7179764609493652E-005  0.33762984840668336        1.5215759276397678E-004   935.98252186155173     
   0.0000000000000000        1.0493229610618461E-004  0.33516342629969742        1.6689353033872296E-004   936.10362441850828     
   0.0000000000000000        1.1330328706147478E-004  0.33264592994766989        1.8300978183624137E-004   936.22673796399749     
   0.0000000000000000        1.2234207517906702E-004  0.33007834419383753        2.0061915672513235E-004   936.35158376522281     
   0.0000000000000000        1.3210193408598597E-004  0.32744706565090159        2.1984986032139883E-004   936.47836520929889     
   0.0000000000000000        1.4264038732149988E-004  0.32474095383030044        2.4083445733973780E-004   936.60714403192344     
   0.0000000000000000        1.5401954737455988E-004  0.32203413319966967        2.6378780450878649E-004   936.73762459896204     
   0.0000000000000000        1.6630648176800580E-004  0.31936470060974370        2.8894952440286270E-004   936.87001543462986     
   0.0000000000000000        1.7957360834719872E-004  0.31670783882110215        3.1650658152374358E-004   937.00432515029013     
   0.0000000000000000        1.9389912210286908E-004  0.31401671459362163        3.4659748619393405E-004   937.14024836615749     
   0.0000000000000000        2.0936745604382585E-004  0.31113920286046692        3.7921052707990213E-004   937.27815582681899     
   0.0000000000000000        2.2606977883586165E-004  0.30792923249912013        4.1425479544885725E-004   937.41815692073635     
   0.0000000000000000        2.4410453213988194E-004  0.30426614323157214        4.5155949936240741E-004   937.55982061455916     
   0.0000000000000000        2.6357801081627061E-004  0.29938553655827466        4.8952054306091461E-004   937.70241415315172     
   0.0000000000000000        2.8460498941515342E-004  0.28917072676401445        5.1804209570406037E-004   937.84415155407942     
   0.0000000000000000        3.0730939864502337E-004  0.27366900152151225        5.3437739423891012E-004   937.98034615033123     
   0.0000000000000000        3.3182505580676096E-004  0.25939195317057517        5.5301475523342300E-004   938.11103051853786     
   0.0000000000000000        3.5829645349814656E-004  0.24546730654558713        5.7188493082331723E-004   938.23631708621622     
   0.0000000000000000        3.8687961123740392E-004  0.23214528283230651        5.9170926908511383E-004   938.35617537306473     
   0.0000000000000000        4.1774299502514905E-004  0.21945744953704677        6.1278675126125019E-004   938.47112017448080     
   0.0000000000000000        4.5106851026454389E-004  0.20741353658334455        6.3539392690376473E-004   938.58152946123607     
   0.0000000000000000        4.8705257389181604E-004  0.19603614854559137        6.5986807382723857E-004   938.68749708291648     
   0.0000000000000000        5.2590727203616437E-004  0.18529018833144012        6.8645565193506961E-004   938.78954101781130     
   0.0000000000000000        5.6786161003217247E-004  0.17514745361557377        7.1543320969785437E-004   938.88802928555322     
   0.0000000000000000        6.1316286215216357E-004  0.16560634786600997        7.4717749883682582E-004   938.98306781073472     
   0.0000000000000000        6.6207802901367555E-004  0.15662056137410396        7.8197884310791238E-004   939.07512121731020     
   0.0000000000000000        7.1489541125185148E-004  0.14815721099059051        8.2019028711236930E-004   939.16451887150106     
   0.0000000000000000        7.7192630873180264E-004  0.14020844646767128        8.6227805596066900E-004   939.25134952340659     
   0.0000000000000000        8.3350685531591198E-004  0.13273056211998205        9.0863396671496920E-004   939.33602090639874     
   0.0000000000000000        8.9999999999999748E-004  0.12569251795730457        9.5972590370372473E-004   939.41881832799913     
   0.0000000000000000        9.7179764609493574E-004  0.11908555048700338        1.0161492241454238E-003   939.49981068400507     
   0.0000000000000000        1.0493229610618457E-003  0.11287141942014223        1.0784407513655153E-003   939.57935159946931     
   0.0000000000000000        1.1330328706147474E-003  0.10702252124634432        1.1472260191904148E-003   939.65768705355993     
   0.0000000000000000        1.2234207517906697E-003  0.10153103410996349        1.2232757158065566E-003   939.73486295106227     
   0.0000000000000000        1.3210193408598589E-003   9.6364369865681726E-002   1.3073244845950569E-003   939.81118819234348     
   0.0000000000000000        1.4264038732149983E-003   9.1499754694913865E-002   1.4002191790375711E-003   939.88687508315923     
   0.0000000000000000        1.5401954737455984E-003   8.6930169912266889E-002   1.5029415330944887E-003   939.96194608070584     
   0.0000000000000000        1.6630648176800572E-003   8.2627075264385730E-002   1.6164769648118658E-003   940.03667452495642     
   0.0000000000000000        1.7957360834719865E-003   7.8569358736445452E-002   1.7419343851703922E-003   940.11123917021280     
   0.0000000000000000        1.9389912210286899E-003   7.4756409475700475E-002   1.8807365682750720E-003   940.18564456666718     
   0.0000000000000000        2.0936745604382577E-003   7.1168007159090829E-002   2.0344055263824957E-003   940.26013930883494     
   0.0000000000000000        2.2606977883586157E-003   6.7788259788853666E-002   2.2046387535669901E-003   940.33489393422690     
   0.0000000000000000        2.4410453213988179E-003   6.4613204773668415E-002   2.3934027938234633E-003   940.40990767096469     
   0.0000000000000000        2.6357801081627052E-003   6.1625954406771030E-002   2.6030579733361181E-003   940.48541971543580     
   0.0000000000000000        2.8460498941515330E-003   5.8818336336411113E-002   2.8365679367061253E-003   940.56160655962094     
   0.0000000000000000        3.0730939864502330E-003   5.6193717066974680E-002   3.0976326426537960E-003   940.63849901053868     
   0.0000000000000000        3.3182505580676082E-003   5.3741035081745520E-002   3.3907588714002330E-003   940.71638072999394     
   0.0000000000000000        3.5829645349814651E-003   5.1454661164710168E-002   3.7215384051840312E-003   940.79548669579401     
   0.0000000000000000        3.8687961123740383E-003   4.9340067553087584E-002   4.0968229952531585E-003   940.87592473447671     
   0.0000000000000000        4.1774299502514885E-003   4.7393823188850492E-002   4.5252266989797450E-003   940.95809286744270     
   0.0000000000000000        4.5106851026454377E-003   4.5612739759483295E-002   5.0164571458414190E-003   941.04234869074833     
   0.0000000000000000        4.8705257389181581E-003   4.3994643075146701E-002   5.5802872523220684E-003   941.12889427786922     
   0.0000000000000000        5.2590727203616428E-003   4.2531429927841861E-002   6.2291025760854712E-003   941.21825073430352     
   0.0000000000000000        5.6786161003217223E-003   4.1213813247597063E-002   6.9752784274327512E-003   941.31084977052694     
   0.0000000000000000        6.1316286215216328E-003   4.0030333899835777E-002   7.8288435316543250E-003   941.40685274246266     
   0.0000000000000000        6.6207802901367529E-003   3.8967656830587734E-002   8.8020343303670465E-003   941.50680402757382     
   0.0000000000000000        7.1489541125185118E-003   3.8013281684760779E-002   9.9070664813868860E-003   941.61107943114132     
   0.0000000000000000        7.7192630873180231E-003   3.7156462138173994E-002   1.1155890665236347E-002   941.71965759202237     
   0.0000000000000000        8.3350685531591168E-003   3.6378474592962652E-002   1.2558691434606042E-002   941.83291079351397     
   0.0000000000000000        8.9999999999999716E-003   3.5667252806485923E-002   1.4127806522128682E-002   941.95106299907388     
   0.0000000000000000        9.7179764609493565E-003   3.5023121953236189E-002   1.5882323803279263E-002   942.07402253524231     
   0.0000000000000000        1.0493229610618453E-002   3.4431881539805330E-002   1.7836180322477829E-002   942.20196349080254     
   0.0000000000000000        1.1330328706147468E-002   3.3886291024627126E-002   2.0006690959186346E-002   942.33499257696371     
   0.0000000000000000        1.2234207517906690E-002   3.3391688819954038E-002   2.2419466398705509E-002   942.47307769659278     
   0.0000000000000000        1.3210193408598584E-002   3.2940507590587260E-002   2.5098584384990137E-002   942.61631219846799     
   0.0000000000000000        1.4264038732149978E-002   3.2528304813691837E-002   2.8070645530222559E-002   942.76475716461130     
   0.0000000000000000        1.5401954737455979E-002   3.2157002886126253E-002   3.1365008118829571E-002   942.91840143729792     
   0.0000000000000000        1.6630648176800565E-002   3.1821706548829397E-002   3.5017871248886938E-002   943.07735412791169     
   0.0000000000000000        1.7957360834719861E-002   3.1519961000936902E-002   3.9067573376599191E-002   943.24167631552973     
   0.0000000000000000        1.9389912210286891E-002   3.1254025351274216E-002   4.3550129361743649E-002   943.41131148909483     
   0.0000000000000000        2.0936745604382564E-002   3.1020644927632988E-002   4.8515017937357498E-002   943.58642199400379     
   0.0000000000000000        2.2606977883586149E-002   3.0817770654989599E-002   5.4014606918980607E-002   943.76709194663522     
   0.0000000000000000        2.4410453213988176E-002   3.0646156196632399E-002   6.0097299603542167E-002   943.95320102978474     
   0.0000000000000000        2.6357801081627042E-002   3.0503035520417141E-002   6.6830025896145950E-002   944.14497452689704     
   0.0000000000000000        2.8460498941515325E-002   3.0387125803626923E-002   7.4285302549631851E-002   944.34253112008651     
   0.0000000000000000        3.0730939864502312E-002   3.0300160954442712E-002   8.2534034295083616E-002   944.54569944995364     
   0.0000000000000000        3.3182505580676064E-002   3.0240399381100076E-002   9.1672609200436461E-002   944.75478720907597     
   0.0000000000000000        3.5829645349814629E-002   3.0207686262679785E-002  0.10180922688747493        944.96998007060415     
   0.0000000000000000        3.8687961123740358E-002   3.0205002306762301E-002  0.11305716096993949        945.19110712690372     
   0.0000000000000000        4.1774299502514871E-002   3.0232391478358177E-002  0.12556472962185489        945.41861456095546     
   0.0000000000000000        4.5106851026454349E-002   3.0292683877156563E-002  0.13951597517529224        945.65283298549991     
   0.0000000000000000        4.8705257389181564E-002   3.0393577728050809E-002  0.15514020344655796        945.89369934140791     
   0.0000000000000000        5.2590727203616405E-002   3.0540603037707902E-002  0.17276634192001764        946.14191376812141     
   0.0000000000000000        5.6786161003217192E-002   3.0739116202713270E-002  0.19263595622282845        946.39809083718399     
   0.0000000000000000        6.1316286215216294E-002   3.0994141571007230E-002  0.21470110921791213        946.66244667784258     
   0.0000000000000000        6.6207802901367491E-002   3.1309514402674439E-002  0.23910994088211859        946.93641003871130     
   0.0000000000000000        7.1489541125185074E-002   3.1708892176462909E-002  0.26656039566554057        947.22071984067804     
   0.0000000000000000        7.7192630873180207E-002   3.2245714159553220E-002  0.29893897173031342        947.51448327839307     
   0.0000000000000000        8.3350685531591112E-002   3.2944636730068283E-002  0.33805212840674509        947.81878343718699     
   0.0000000000000000        8.9999999999999691E-002   3.3808607693249379E-002  0.38669582926775886        948.13748457611371     
   0.0000000000000000        9.7179764609493527E-002   3.4821274439904557E-002  0.44952447768857634        948.47900837724717     
   0.0000000000000000       0.10493229610618447        3.6018252114250485E-002  0.53322538230935401        948.85103994209419     
   0.0000000000000000       0.11330328706147465        3.7353306497606438E-002  0.64527992551358349        949.26299171130302     
   0.0000000000000000       0.12234207517906687        3.8598229698069732E-002  0.79193902491017376        949.72713120591050     
   0.0000000000000000       0.13210193408598578        3.9590505886684134E-002  0.98438124968227647        950.26173237286946     
   0.0000000000000000       0.14264038732149970        4.0283956242316704E-002   1.2361433007134532        950.88434670536424     
   0.0000000000000000       0.15401954737455972        4.0850278793709935E-002   1.5625988316687081        951.60714167452056     
   0.0000000000000000       0.16630648176800558        4.1261691579851462E-002   1.9833261307708874        952.45375425696272     
   0.0000000000000000       0.17957360834719852        4.1501803572567879E-002   2.5252874572964301        953.45144205841541     
   0.0000000000000000       0.19389912210286886        4.1592325225869232E-002   3.2275968194622626        954.63000632287947     
   0.0000000000000000       0.20936745604382556        4.1557010084358477E-002   4.1373110201379983        956.02766003203465     
   0.0000000000000000       0.22606977883586135        4.1424236180456403E-002   5.3156019284146323        957.68951988336573     
   0.0000000000000000       0.24410453213988162        4.1225017251387309E-002   6.8425974057972754        959.66820268608035     
   0.0000000000000000       0.26357801081627030        4.1007929771518882E-002   8.8222374681751585        962.02897309001173     
   0.0000000000000000       0.28460498941515305        4.0813701622149742E-002   11.389754133477117        964.84999358157211     
   0.0000000000000000       0.30730939864502299        4.0663187608460653E-002   14.721034470304881        968.22430747018859     
   0.0000000000000000       0.33182505580676053        4.0613287521735347E-002   19.042966199777794        972.26479956791468     
   0.0000000000000000       0.35829645349814615        4.0704384611211196E-002   24.647170767399029        977.10632415645875     
   0.0000000000000000       0.38687961123740350        4.0941867960045362E-002   31.907025462087990        982.90921239328770     
   0.0000000000000000       0.41774299502514856        4.1375656477069228E-002   41.304089201697899        989.86624063075465     
   0.0000000000000000       0.45106851026454331        4.2045564592842498E-002   53.450311089802668        998.20489147059141     
   0.0000000000000000       0.48705257389181544        4.2967091998006954E-002   69.117648339268840        1008.1918343583910     
   0.0000000000000000       0.52590727203616383        4.4189071285225638E-002   89.297139199924644        1020.1473580780960     
   0.0000000000000000       0.56786161003217173        4.5770592559206874E-002   115.23725735725701        1034.4444049672229     
   0.0000000000000000       0.61316286215216287        4.7782253004097545E-002   148.49720840348030        1051.5128939470833     
   0.0000000000000000       0.66207802901367452        5.0311394041009344E-002   191.05771358089609        1071.8680827272324     
   0.0000000000000000       0.71489541125185063        5.3471840744998264E-002   245.39446428302756        1096.1033580863329     
   0.0000000000000000       0.77192630873180168        5.7420073820544634E-002   314.57815148866251        1124.8936175072370     
   0.0000000000000000       0.83350685531591073        6.2332343408768157E-002   402.45421804896222        1159.0406457057366     
   0.0000000000000000       0.89999999999999658        6.8412611263368464E-002   513.78666742576502        1199.4592191332190     
