  0.10013053400136260        1.7497096460321071E-009  0.44466786346726644        1.0421710211279363E-010  -9.0226774753549144      -0.69383494300598247        2.1904036570098978E-012   9.3422746092724373E-005   930.58303083431758        1.5314057710684319E-002   65.299478996459527        29.036578917816801        36.262900078642730     
  0.10339587818842749        1.8889268204555758E-009  0.44461688688332474        1.1651633882177478E-010  -9.0191801502303601      -0.70244449708525536        2.1844487398072250E-012   9.6562180527782733E-005   930.58767173402521        1.5309892365152396E-002   65.317225956065315        29.041139648233987        36.276086307831328     
  0.10673109987275098        2.0392209308143334E-009  0.44456382022881780        1.3022650727714622E-010  -9.0155389637430705      -0.71140125127326714        2.1539961290548738E-012   9.9718503978730286E-005   930.59247076426664        1.5305499872458779E-002   65.335957317858146        29.045999895998687        36.289957421859455     
  0.11016917933945122        2.2014733231795286E-009  0.44450864536989609        1.4552500114811392E-010  -9.0117537095305842      -0.72070950834214464        2.1323595248679404E-012   1.0295874335171754E-004   930.59745154897848        1.5300874614674090E-002   65.355730484306747        29.051184595466651        36.304545888840096     
  0.11368217373626160        2.3766354686913416E-009  0.44445127761485409        1.6257172901773185E-010  -9.0078177053314654      -0.73038260580190550        2.1087492694950192E-012   1.0634391548276213E-004   930.60260022851605        1.5296141719128962E-002   65.375986985402022        29.056437698521620        36.319549286880402     
  0.11726828288475494        2.5657345431212791E-009  0.44439163690548100        1.8156037059713353E-010  -9.0037248518538764      -0.74043415979235538        2.0880997261024385E-012   1.0974216440866902E-004   930.60792014998754        1.5291277447926516E-002   65.396792730005600        29.061785352237870        36.335007377767731     
  0.12096417589172974        2.7698794503772115E-009  0.44432970809001932        2.0273367603784567E-010  -8.9994748078939679      -0.75086832928192615        2.0726041287350866E-012   1.1322769490819130E-004   930.61343736859044        1.5286168961498398E-002   65.418626383558703        29.067440031889639        36.351186351669064     
  0.12473927530008007        2.9902673252738396E-009  0.44426539596321224        2.2631066125101760E-010  -8.9950607806342529      -0.76169938704510265        2.0419461969890202E-012   1.1687301783121859E-004   930.61913632593496        1.5280852268873692E-002   65.441366825429071        29.073336550705719        36.368030274723353     
  0.12859079735401865        3.2281905537017684E-009  0.44419860907945563        2.5255548747446433E-010  -8.9904767567636128      -0.77294205070629740        2.0201703138906651E-012   1.2052675515601638E-004   930.62502008671765        1.5275466396072615E-002   65.464437219649810        29.079211221383321        36.385225998266492     
  0.13255959573541978        3.4850443513624619E-009  0.44412933594948861        2.8179987594373042E-010  -8.9857227456758029      -0.78460003605828876        2.0105343448988386E-012   1.2427080132794901E-004   930.63111748644042        1.5270063795956667E-002   65.487614661093076        29.084966855328080        36.402647805765000     
  0.13661234913648368        3.7623349455118463E-009  0.44405748206604873        3.1434340604947175E-010  -8.9807912923954039      -0.79668855383004478        1.9923208266151556E-012   1.2819091020967183E-004   930.63741101173628        1.5264442752025167E-002   65.511743682869039        29.090975460345692        36.420768222523350     
  0.14074511084192823        4.0616884076914936E-009  0.44398295228905876        3.5054589738269133E-010  -8.9756760081276195      -0.80922358194045263        1.9637693108557106E-012   1.3211456577955828E-004   930.64390336731026        1.5258478540270013E-002   65.537347455539958        29.097462868290140        36.439884587249821     
  0.14500331042316669        4.3848601892437521E-009  0.44390573400255767        3.9086007610938388E-010  -8.9703775921195348      -0.82220829519400851        1.9411864742807278E-012   1.3613168854067096E-004   930.65062717968647        1.5252316735046430E-002   65.563804864295548        29.104149416636588        36.459655447658960     
  0.14935072632456911        4.7337454155284750E-009  0.44382572031948370        4.3569525154776633E-010  -8.9648875794662128      -0.83565888987031400        1.9355018583600328E-012   1.4034301412537786E-004   930.65756345730153        1.5246037786959619E-002   65.590797596216291        29.110884940764123        36.479912655452168     
  0.15378200873757719        5.1103899992080632E-009  0.44374280941728367        4.8554093281276870E-010  -8.9591985248447727      -0.84959282697951610        1.9041877812566767E-012   1.4455258037283643E-004   930.66471379490315        1.5239579313071011E-002   65.618610284819169        29.117788175800982        36.500822109018188     
  0.15834757330830770        5.5170026377707508E-009  0.44365699975399742        5.4101413577708179E-010  -8.9533121686421246      -0.86401266757101292        1.8936021968281630E-012   1.4885804172495702E-004   930.67211318977559        1.5232868134001532E-002   65.647545142719608        29.124991480917320        36.522553661802291     
  0.16300815996394061        5.9559677656472745E-009  0.44356817665440268        6.0267341274001245E-010  -8.9472198375817094      -0.87893562100478873        1.8684409244654339E-012   1.5337760633882014E-004   930.67974093972953        1.5225977689785727E-002   65.677242259516547        29.132333729749583        36.544908529766964     
  0.16775677104596690        6.4298595368740187E-009  0.44347622496439415        6.7118403345736755E-010  -8.9409132813661873      -0.89438085761038044        1.8492617720619687E-012   1.5789046188163498E-004   930.68759869569112        1.5218952808207535E-002   65.707509235123553        29.139724106143010        36.567785128980546     
  0.17264926585653553        6.9414569202989535E-009  0.44338115160558622        7.4738606460524231E-010  -8.9343946130157992      -0.91035021672317529        1.8391412376501717E-012   1.6250136995704363E-004   930.69572534369752        1.5211634408257697E-002   65.739118017973794        29.147493094235770        36.591624923738024     
  0.17764320725018842        7.4937599958507946E-009  0.44328283465402191        8.3204088425288568E-010  -8.9276544928418353      -0.92686193342647538        1.8265340040575848E-012   1.6734777437434588E-004   930.70409799577897        1.5203973094672446E-002   65.772285026864594        29.155727467585599        36.616557559278995     
  0.18272968970387521        8.0900075474350352E-009  0.44318114515188628        9.2605179274832799E-010  -8.9206839303756382      -0.94393713143676805        1.8190675530415629E-012   1.7218275817614385E-004   930.71271732419427        1.5196068573731191E-002   65.806524382162337        29.164210763811838        36.642313618350499     
  0.18797048446770104        8.7336960556241124E-009  0.44307609909010531        1.0305613824317383E-009  -8.9134860852652356      -0.96157686583738500        1.8162176438066087E-012   1.7711739713253881E-004   930.72162616877756        1.5187994357028960E-002   65.841505954796162        29.172797824169518        36.668708130626641     
  0.19331978437926037        9.4286002015175137E-009  0.44296756816796312        1.1466062477116779E-009  -8.9060509990804118      -0.97980047533260828        1.7893560005468547E-012   1.8231019439207197E-004   930.73079977832276        1.5179741071256837E-002   65.877293319873331        29.181504656355600        36.695788663517732     
  0.19876649322471196        1.0178795002009419E-008  0.44285540705078236        1.2754117599231601E-009  -8.8983685548617419      -0.99863128475933660        1.7754184280481860E-012   1.8748770634980988E-004   930.74023790688875        1.5171252879136335E-002   65.914139001478461        29.190433052329396        36.723705949149064     
  0.20437881604630667        1.0988679706268216E-008  0.44273963703108160        1.4185308762332993E-009  -8.8904424674690432       -1.0180694858715418        1.7656704821319064E-012   1.9276649797099309E-004   930.74998690718496        1.5162463966233745E-002   65.952343014077655        29.199716572527109        36.752626441550547     
  0.21010738735079845        1.1863003593560260E-008  0.44262012576884752        1.5773735953331638E-009  -8.8822620702337840       -1.0381355961276404        1.7517048473953919E-012   1.9832695174561119E-004   930.76001967250397        1.5153395989846934E-002   65.991808649531166        29.209303583671048        36.782505065860121     
  0.21593859116905106        1.2806893823699970E-008  0.44249671652725453        1.7536003035516699E-009  -8.8738165691905131       -1.0588554152635399        1.7401849973672744E-012   2.0386818326387698E-004   930.77033563415262        1.5144115513516854E-002   66.032236434926190        29.219050895168081        36.813185539758109     
  0.22194757610579641        1.3825885503445314E-008  0.44236943661562400        1.9493198764515246E-009  -8.8651110247568710       -1.0802282797221459        1.7273371686850447E-012   2.0951280260787962E-004   930.78098619196976        1.5134578981862710E-002   66.073833074739525        29.229048008014193        36.844785066725336     
  0.22808128300867475        1.4925954145152247E-008  0.44223813962930059        2.1664491580173462E-009  -8.8561336088956342       -1.1022758937864034        1.7009543144560733E-012   2.1546478739320748E-004   930.79194162626527        1.5124686179317958E-002   66.117060743437207        29.239486556793508        36.877574186643699     
  0.23432330876297428        1.6113550708030331E-008  0.44210265408556410        2.4072362188971616E-009  -8.8468719336509452       -1.1250266653011920        1.7087602789556266E-012   2.2139281906187838E-004   930.80319980139791        1.5114533681912574E-002   66.161482490848286        29.250165202726915        36.911317288121367     
  0.24075626825617921        1.7395639427486418E-008  0.44196302175236168        2.6745427148359068E-009  -8.8373322962796106       -1.1484791172355144        1.6905908361033813E-012   2.2742706328976529E-004   930.81481708046715        1.5104166129826707E-002   66.206898094070439        29.260999316406483        36.945898777663956     
  0.24732316013128500        1.8779738654393074E-008  0.44181908640875267        2.9709725720045016E-009  -8.8275024520833121       -1.1726563466961801        1.6955423869057978E-012   2.3379632020308069E-004   930.82676131583685        1.5093458065438452E-002   66.253874039733333        29.272225758343254        36.981648281390079     
  0.25400445579245395        2.0273964943768985E-008  0.44167065456875482        3.2995668261417729E-009  -8.8173684433998147       -1.1975895819776403        1.7013296345798349E-012   2.4013464819171100E-004   930.83902875958893        1.5082413796744255E-002   66.302389966411909        29.283820448502588        37.018569517909320     
  0.26089071423812621        2.1887080651413770E-008  0.44151778379186329        3.6642041727894147E-009  -8.8069373077901005       -1.2232766187720427        1.7169137731342620E-012   2.4658299847885869E-004   930.85168108198218        1.5071080452681984E-002   66.352227065456702        29.295689017658518        37.056538047798185     
  0.26792077634175149        2.3628545317610442E-008  0.44136030315141467        4.0684208497986417E-009  -8.7961959825810538       -1.2497421245614218        1.7615246225396514E-012   2.5339778615482574E-004   930.86468382950136        1.5059505431327357E-002   66.403198847307010        29.307737593149142        37.095461254157868     
  0.27507180354605820        2.5508571139217107E-008  0.44119798955527473        4.5163293636535983E-009  -8.7851295145746029       -1.2770201718574441        1.8211117634514689E-012   2.6017333479816694E-004   930.87803193070283        1.5047617787759855E-002   66.455645760187920        29.320099036146253        37.135546724041667     
  0.28244274218415050        2.7538182855443931E-008  0.44103093172152491        5.0131790465705877E-009  -8.7737461784380741       -1.3051079675420905        1.9113512193564894E-012   2.6705856403337543E-004   930.89179289060087        1.5035349101820630E-002   66.509833067411520        29.332890703375458        37.176942364036066     
  0.28996715491189251        2.9729282398494272E-008  0.44085898582378807        5.5637631316720475E-009  -8.7620312024458666       -1.3340331711807096        1.9975716372314960E-012   2.7434588702796253E-004   930.90592971344370        1.5022699250800107E-002   66.565725199674034        29.346085719882844        37.219639479791191     
  0.29761928459141745        3.2094718688190414E-008  0.44068186279779104        6.1736466903831728E-009  -8.7499687572968501       -1.3638319538914716        2.1236371148095290E-012   2.8158964911072085E-004   930.92043466892812        1.5009776874873464E-002   66.622928224071330        29.359495834194323        37.263432389877011     
  0.30550808539090357        3.4648362979869647E-008  0.44049964257204188        6.8499355963765679E-009  -8.7375692962898839       -1.3944995300586476        2.2665384145845675E-012   2.8893810631734748E-004   930.93538104332458        1.4996615306438877E-002   66.681288599710584        29.373056493727628        37.308232105982952     
  0.31355857555056438        3.7405190207401355E-008  0.44031232010307259        7.5990945441023018E-009  -8.7248137651343178       -1.4260707885823474        2.3666442092736387E-012   2.9671575598456371E-004   930.95073067456758        1.4982938332880181E-002   66.741791723486742        29.387184988878360        37.354606734608382     
  0.32174014108575683        4.0381366798332299E-008  0.44011959756304486        8.4286315553431481E-009  -8.7116837293303586       -1.4585864819335543        2.4079375212146875E-012   3.0444976046477642E-004   930.96647336942499        1.4968678665008847E-002   66.804804571395323        29.402022779648767        37.402781791746555     
  0.33017578059697833        4.3594345476120496E-008  0.43992142127252670        9.3481858190193457E-009  -8.6981942073512268       -1.4920352948090576        2.2984684723993098E-012   3.1229018005594835E-004   930.98268703071744        1.4954117389378956E-002   66.869272350323357        29.417109332272222        37.452163018051138     
  0.33878241885680999        4.7062967605391582E-008  0.43971787619328812        1.0366474805346711E-008  -8.6843234225500705       -1.5264582980126589        1.9964575378065750E-012   3.2056624290021702E-004   930.99933188968544        1.4939208844068880E-002   66.935016893914877        29.432346562075686        37.502670331839191     
  0.34751042615138544        5.0807573680384694E-008  0.43950908606055944        1.1493451230045214E-008  -8.6700415286826029       -1.5619199351571151        1.5525037485033359E-012   3.2876935762411405E-004   931.01639942289842        1.4923679600098426E-002   67.002699971042517        29.447998613586837        37.554701357455684     
  0.35649786703996339        5.4850122604508056E-008  0.43929485708666466        1.2742136317595455E-008  -8.6553678089245931       -1.5984021598338083        9.6207178047449533E-013   3.3708699008771310E-004   931.03396805256864        1.4907657305649450E-002   67.072159838114402        29.464003949939329        37.608155888175077     
  0.36566605729775675        5.9214320460476398E-008  0.43907495693898074        1.4124416006907406E-008  -8.6402852993572328       -1.6359347991391668        4.3511333025121259E-013   3.4587362837078397E-004   931.05198980223736        1.4891171485575635E-002   67.143324210209599        29.480314006319549        37.663010203890053     
  0.37493840414382001        6.3925759526156722E-008  0.43885018768457934        1.5653400114702472E-008  -8.6247476738721378       -1.6746163616670324        1.2017609849588989E-013   3.5449802289162351E-004   931.07046418647781        1.4873764160724546E-002   67.216758771448227        29.497131942478006        37.719626828970220     
  0.38443415842549211        6.9012068351331007E-008  0.43862111166960394        1.7346032320610910E-008  -8.6087559614603393       -1.7144694721983897        1.2134627486809415E-012   3.6314269836928617E-004   931.08948250406092        1.4855222840762489E-002   67.292722972061298        29.514560603459429        37.778162368601869     
  0.39407700841943016        7.4503073775447707E-008  0.43838694468860578        1.9218184895333753E-008  -8.5922967219433843       -1.7555147655297132        2.3596181757622879E-014   3.7227376244551482E-004   931.10897681416202        1.4835754549704361E-002   67.370969084415236        29.532480087976168        37.838488996439068     
  0.40379976050436994        8.0430975836456711E-008  0.43814796352699492        2.1287612859561114E-008  -8.5753314353215870       -1.7978340791538183        1.3929129931306703E-014   3.8125175080981486E-004   931.12893257670089        1.4815216919536654E-002   67.451386386505547        29.550808270261765        37.900578116243778     
  0.41370167069817249        8.6830536596418572E-008  0.43790631783256634        2.3576665647831771E-008  -8.5578422712006201       -1.8414947657389091        3.9930417762962306E-015   3.9017674580239472E-004   931.14947248570195        1.4792984475079386E-002   67.534292085775391        29.569654153009026        37.964637932766365     
  0.42364087143177498        9.3739283991187854E-008  0.43766219700415071        2.6104917843460008E-008  -8.5397734595445112       -1.8865995887053399       -4.8986624652849272E-015   3.9931871583632144E-004   931.17053599643123        1.4768762291403911E-002   67.619973737831700        29.589097509445281        38.030876228386418     
  0.43353082621126743        1.0119773189957462E-007  0.43741476855242400        2.8894721923327659E-008  -8.5210741079024857       -1.9332489540025062       -8.3425323979048760E-015   4.0815021502198402E-004   931.19207796863805        1.4742590399373274E-002   67.708381126074855        29.609072923692914        38.099308202381941     
  0.44350846787900666        1.0924961772250047E-007  0.43716500705303374        3.1975915979646296E-008  -8.5017453383907622       -1.9814745553726905        1.1237579035290833E-014   4.1711153640039211E-004   931.21420622997266        1.4714242734957739E-002   67.799539590567548        29.629572677853020        38.169966912714528     
  0.45347809644599418        1.1794215886534765E-007  0.43691323679366745        3.5376882992387482E-008  -8.4817693299385102       -2.0313119778496795        5.8669098006657976E-015   4.2662966035243569E-004   931.23688166404986        1.4683494057101192E-002   67.893933144666221        29.650775754209530        38.243157390456687     
  0.46331036574240314        1.2732632962754981E-007  0.43666084506360825        3.9126835926658035E-008  -8.4610668055178699       -2.0829150888257910        8.4468922169365950E-015   4.3564682975412027E-004   931.26008264910263        1.4649784416864271E-002   67.991892451833294        29.672766910121119        38.319125541712175     
  0.47308357595058176        1.3745716012314476E-007  0.43640925882517095        4.3262019672049145E-008  -8.4395878769997026       -2.1364087173967059        1.2398865706597418E-014   4.4441887931161747E-004   931.28390740486543        1.4612747582015098E-002   68.093038519649525        29.695338662346863        38.397699857302662     
  0.48270490185828618        1.4839405898520165E-007  0.43615661667100775        4.7818457489223746E-008  -8.4173190651834862       -2.1918106249711129        6.0434750916458276E-015   4.5389395661737833E-004   931.30828292538956        1.4572758520510879E-002   68.197261375909292        29.718426441264562        38.478834934644730     
  0.49215052289306405        1.6020116174650765E-007  0.43589783094126133        5.2838807655282392E-008  -8.3942675335067953       -2.2491162083519822        5.9776647691528124E-015   4.6337414059963058E-004   931.33319086575239        1.4530427752839610E-002   68.305047902356094        29.742223897630769        38.562824004725329     
  0.50158747742113197        1.7294770693946742E-007  0.43563434155725855        5.8376516619323828E-008  -8.3704401262474288       -2.3083542171994731        1.5830155654055539E-014   4.7301458760562514E-004   931.35875160436512        1.4485415208247721E-002   68.417002004453309        29.766970457578324        38.650031546874985     
  0.51092595373621963        1.8670844212071990E-007  0.43537101603102490        6.4482296132882499E-008  -8.3458184415129697       -2.3695449613893120        5.5410037432862021E-015   4.8332721890471074E-004   931.38489228316337        1.4437290911510789E-002   68.533179175207195        29.792674225623166        38.740504949584029     
  0.52009466478109323        2.0156406220145723E-007  0.43510905270516503        7.1212072010037922E-008  -8.3203669824408113       -2.4327509672898411       -4.0676466806733073E-015   4.9356528446945652E-004   931.41157176861554        1.4386056803810582E-002   68.652988087911979        29.819053067411126        38.833935020500853     
  0.52921791470244328        2.1760168265387850E-007  0.43484476874812417        7.8633385992323192E-008  -8.2940595781042017       -2.4980652835716608        4.6257525992595596E-015   5.0374786557638219E-004   931.43892337483055        1.4331932487392294E-002   68.776151499906263        29.845948775258950        38.930202724647316     
  0.53813861252246853        2.3491535036872714E-007  0.43456593562192730        8.6804960716682864E-008  -8.2668603133769967       -2.5655419241081034        1.4595922246529851E-014   5.1431269403272924E-004   931.46694072217144        1.4276054823262319E-002   68.903226219912327        29.873578357139969        39.029647862772357     
  0.54688142831979980        2.5360659515965469E-007  0.43427032737907517        9.5805548931101754E-008  -8.2388110791997136       -2.6351041395465784       -2.4209892872697106E-015   5.2522222937637151E-004   931.49555363563741        1.4218894686317419E-002   69.034753483365947        29.902189439383747        39.132564043982200     
  0.55571047264034157        2.7378502514851005E-007  0.43396620259687929        1.0573872588985146E-007  -8.2099574720978623       -2.7067245438798428        1.8573205427908366E-014   5.3656200004399061E-004   931.52482522596176        1.4159728965569525E-002   69.170942999664589        29.931854007118080        39.239088992546513     
  0.56459020272612370        2.9556896952297838E-007  0.43365851613244139        1.1670090417005837E-007  -8.1803246981388931       -2.7803467093124561        6.1999414464034496E-014   5.4864792867557988E-004   931.55466618593300        1.4098523057732367E-002   69.311516354186921        29.962447439917245        39.349068914269679     
  0.57340802076623920        3.1908617243579265E-007  0.43334437530711201        1.2878911757919616E-007  -8.1498640286973032       -2.8560588442500205        1.1326969880753227E-013   5.6060152308062404E-004   931.58507263648255        1.4035704998604015E-002   69.456168795311896        29.993799225831850        39.462369569480046     
  0.58217887923090417        3.4447454211464138E-007  0.43301442942742069        1.4211310047474279E-007  -8.1184657406181131       -2.9341142330691916        1.3594380865277947E-013   5.7222233926304414E-004   931.61626618299238        1.3971608503366931E-002   69.604923084488874        30.025832330021995        39.579090754466876     
  0.59065993887390833        3.7188295957565974E-007  0.43265329337025438        1.5676580329281301E-007  -8.0860540475029268       -3.0146292900139344        8.2223940472116288E-014   5.8400182810352684E-004   931.64831766251723        1.3907869726270476E-002   69.758219412655336        30.058692898271374        39.699526514383962     
  0.59892249641233464        4.0147215168291441E-007  0.43225964638738079        1.7288854476017440E-007  -8.0527071214550308       -3.0974566609976222        2.9273745552728834E-014   5.9629128315515393E-004   931.68108503561484        1.3844712011164195E-002   69.916313064670447        30.092533805476329        39.823779259194119     
  0.60735753382226843        4.3341563367362869E-007  0.43184477500415719        1.9068393309956775E-007  -8.0185190947176963       -3.1824915927614250        8.4534690745791339E-015   6.0948500407165295E-004   931.71452929138820        1.3780193427506648E-002   70.079279958618940        30.127410129564872        39.951869829054068     
  0.61606214647756841        4.6790072667624955E-007  0.43141547506468136        2.1034804698179796E-007  -7.9835980722934528       -3.2695250450949702        4.2130301525643475E-015   6.2378560883405844E-004   931.74847216129695        1.3713479753942959E-002   70.246845248623714        30.163259702505137        40.083585546118577     
  0.62488476980045249        5.0512965618822623E-007  0.43096597049158925        2.3204838209298002E-007  -7.9478902289382845       -3.3586624270819279        1.0306988007290934E-014   6.3775806230426395E-004   931.78293038288791        1.3645734606155797E-002   70.418801671838366        30.199928356272931        40.218873315565432     
  0.64247844511297325        5.8870965820530073E-007  0.42996844861320377        2.8229664661611852E-007  -7.8735442980082793       -3.5444699010238940       -4.0246207527328652E-015   6.6668492611316377E-004   931.85436377599717        1.3510854428007498E-002   70.778388592917736        30.276277141246112        40.502111451671624     
  0.65090304185401859        6.3555085574742381E-007  0.42940071262212903        3.1123240376512708E-007  -7.8348328473597002       -3.6412442500621180        1.0340216010795906E-015   6.8018778965707179E-004   931.89144670384576        1.3446022465625597E-002   70.955254975180409        30.311398832206898        40.643856142973512     
  0.65910512523579134        6.8611901403598495E-007  0.42877699072692538        3.4301375777208813E-007  -7.7949978234978827       -3.7408577886119674       -2.0016060905799503E-016   6.9350979377109012E-004   931.92958440522966        1.3384581296638427E-002   71.143831354607570        30.350103633125730        40.793727721481844     
  0.66719733759301725        7.4071067195415458E-007  0.42810061637613062        3.7795629137066794E-007  -7.7541596860811426       -3.8430499182388016        1.2775659830479398E-014   7.0779889478958589E-004   931.96849821942374        1.3325308445783843E-002   71.356197843003045        30.397539125598520        40.958658717404525     
  0.67538525017621409        7.9964596276004076E-007  0.42737887969555410        4.1644329297901049E-007  -7.7124816083542633       -3.9475483801992315       -1.3442781312220321E-015   7.2302903771684834E-004   932.00791925057592        1.3266206347646596E-002   71.561113645512123        30.440712761553030        41.120400883959093     
  0.68397049357356887        8.6327049139371580E-007  0.42661829363824660        4.5894480667742410E-007  -7.6699519317181579       -4.0544519111029276        1.0160905659478939E-015   7.3928351235721728E-004   932.04794458150843        1.3204474195923733E-002   71.771134404832353        30.484828436455611        41.286305968376737     
  0.69285725766269501        9.3195736115381276E-007  0.42581361954831826        5.0586272662681136E-007  -7.6265813880120206       -4.1637059313076286       -1.5842362886946267E-013   7.5637288329638943E-004   932.08858235971172        1.3139973707342144E-002   71.985694355872127        30.529648415781626        41.456045940090505     
  0.70178827409445643        1.0061093616284135E-006  0.42495334140384899        5.5756917872440711E-007  -7.5822869942154245       -4.2754445292050054       -2.1225227869558444E-013   7.7578474188801289E-004   932.12994435533210        1.3073895162240352E-002   72.175613111796054        30.562896724500746        41.612716387295308     
  0.71075667560977951        1.0861613307105668E-006  0.42403008104279460        6.1455053048589603E-007  -7.5368880251132309       -4.3900482113138501       -7.4646617230448951E-014   7.9454324692663733E-004   932.17235816269044        1.3006551478888323E-002   72.341088856322386        30.584501208999871        41.756587647322519     
  0.71909458613829891        1.1725827045496328E-006  0.42301982288763840        6.7687202341831366E-007  -7.4901716718005558       -4.5079122873225028       -4.4628818623354945E-013   8.0884843288575895E-004   932.21607500658308        1.2948381376056925E-002   72.623817537737125        30.653483425019321        41.970334112717808     
  0.72661737664745707        1.2658802703917278E-006  0.42192267848282655        7.4481087276576119E-007  -7.4421619579852187       -4.6290768394846040       -1.3361947833669795E-012   8.2047171356739064E-004   932.26094205277138        1.2902300599215169E-002   72.987662753695076        30.754687545056616        42.232975208638464     
  0.73414735664443753        1.3666011384523246E-006  0.42075881368551193        8.1938410796527683E-007  -7.3931042505531064       -4.7532329005959779       -2.2631656757974432E-012   8.3338489120641786E-004   932.30675677266379        1.2857267458118224E-002   73.251998480515368        30.812797261269505        42.439201219245859     
  0.74180601225694176        1.4753359502484856E-006  0.41953073856463086        9.0137475195835632E-007  -7.3431094813552935       -4.8801106209794263       -2.1963721309166992E-012   8.4914414705851958E-004   932.35325481838538        1.2810501562946929E-002   73.425243685157255        30.831444181947781        42.593799503209475     
  0.74939965295397903        1.5927223422048506E-006  0.41823682081394226        9.9146414921385446E-007  -7.2920887066570232       -5.0097662301489985       -1.3129795837184450E-012   8.6710009239547841E-004   932.40031563282992        1.2764098418651204E-002   73.654273691241386        30.871864270449780        42.782409420791609     
  0.75728379633189347        1.7194486848444565E-006  0.41687276347035851        1.0907572076256453E-006  -7.2400154458405064       -5.1423028264135802       -4.2454481133263180E-013   8.8551890630358173E-004   932.44811671520938        1.2714245455740991E-002   73.937033308333966        30.933134386079065        43.003898922254905     
  0.76539235444400278        1.8562581194915367E-006  0.41543257401296457        1.2000692119636196E-006  -7.1870008489941455       -5.2775861694815065       -7.5003757966080446E-014   9.0542611751138471E-004   932.49664063829925        1.2660950232741476E-002   74.204729383081641        30.986563271992562        43.218166111089076     
  0.77361161051109517        2.0039529161580984E-006  0.41391122459710133        1.3203639852571266E-006  -7.1330654210379079       -5.4155613775995572       -2.1233777455649042E-013   9.2784340119823471E-004   932.54582987097012        1.2603780097226021E-002   74.425221158022254        31.018744110215724        43.406477047806533     
  0.78164326025998887        2.1633991781695511E-006  0.41230754953544041        1.4524380369435892E-006  -7.0778230074907382       -5.5569555084896853       -1.5442276726721847E-013   9.4825250853554453E-004   932.59625123753040        1.2546701988157546E-002   74.669888094083646        31.059167819652505        43.610720274431145     
  0.78878668989112488        2.3355319211179735E-006  0.41065145231017752        1.5966432897728965E-006  -7.0209683593248569       -5.7023288576524997        4.8854471273371506E-015   9.6391483031030159E-004   932.64815065528978        1.2497258623826271E-002   75.039986705651614        31.149695060157725        43.890291645493889     
  0.79496597696068727        2.5213605559267310E-006  0.40896745343577851        1.7538749071077737E-006  -6.9625808439621339       -5.8516951477587877       -9.1475362784256744E-015   9.7637613874312543E-004   932.70127167493251        1.2456316975466241E-002   75.461348650879259        31.259327819063149        44.202020831816114     
  0.80107104682525154        2.7219748081799103E-006  0.40722412936541569        1.9262380296516318E-006  -6.9029925627061797       -6.0046230375806440       -7.5298212975525445E-013   9.8955555841075582E-004   932.75542253026208        1.2416419145648113E-002   75.795387090671980        31.330611824765377        44.464775265906603     
  0.80714901315020615        2.9385511084283672E-006  0.40542267449289976        2.1153303941646389E-006  -6.8422955195846988       -6.1608914170505296       -1.1901705376929223E-013   1.0056675644783842E-003   932.81038439379995        1.2374947676317184E-002   76.051681538083400        31.367632497582086        44.684049040501314     
  0.81286343242022030        3.1723594909460478E-006  0.40359030678060481        2.3226104819332781E-006  -6.7802855192359539       -6.3207624723796494       -5.5256234494636859E-013   1.0239770758391348E-003   932.86607363732787        1.2332076140841190E-002   76.346920602516519        31.418623638892850        44.928296963623666     
  0.81863791217040793        3.4247710413918757E-006  0.40169663863458044        2.5504888412271679E-006  -6.7169519547225924       -6.4842551996812032       -1.3215255627816746E-012   1.0435992710673761E-003   932.92264106190044        1.2284010653007951E-002   76.697027646843452        31.490137537441949        45.206890109401499     
  0.82442743430017251        3.6972659370513511E-006  0.39974305500356366        2.8008468336135554E-006  -6.6523954540819119       -6.6512213242346121       -4.9882612752421244E-014   1.0633795063251211E-003   932.97999028982349        1.2231299972849356E-002   77.068434305146297        31.568241930907902        45.500192374238395     
  0.83003484477749256        3.9914421268069989E-006  0.39774704386631554        3.0755995763085974E-006  -6.5866107596605259       -6.8217388890634965       -5.3689829674072141E-014   1.0828428002047654E-003   933.03810617849376        1.2174998776881069E-002   77.433165625203003        31.641243374678378        45.791922250524621     
  0.83544470163341455        4.3090247017382209E-006  0.39570695218003571        3.3769748480635311E-006  -6.5193731897799747       -6.9963750125641075       -3.8463943942717153E-014   1.1018708921269999E-003   933.09736740853441        1.2117111815934965E-002   77.807435569747199        31.715610991281551        46.091824578465648     
  0.84047595479887038        4.6518760113011090E-006  0.39364831282956358        3.7074323614398903E-006  -6.4506212964042202       -7.1752309408426980       -1.0713209808662372E-012   1.1218998938522032E-003   933.15774070396310        1.2057964091001681E-002   78.192159587617169        31.791659598073991        46.400499989543178     
  0.84495803294351746        5.0220065844109369E-006  0.39160080684268583        4.0697287280583057E-006  -6.3802910578951595       -7.3584375178797492       -4.9701023628293162E-013   1.1407667270408107E-003   933.21915177639346        1.1997194764455921E-002   78.595972218220595        31.872862556761099        46.723109661459496     
  0.84915715326473851        5.4215869194700935E-006  0.38953430423775137        4.4671369271856923E-006  -6.3083517530068614       -7.5462109419959971       -2.0158869574094700E-013   1.1591405853084993E-003   933.28178412842908        1.1934647542743454E-002   79.010244070952510        31.955502895612725        47.054741175339785     
  0.85304706080910941        5.8529602124798838E-006  0.38745446668159361        4.9030176694450031E-006  -6.2348803500517498       -7.7384157803441074       -4.6699439337131212E-014   1.1779302204002406E-003   933.34550323617702        1.1869842573018452E-002   79.421391540560933        32.033924919183661        47.387466621377271     
  0.85643718723852347        6.3186560978756513E-006  0.38539143477275345        5.3809897877640764E-006  -6.1598069926238272       -7.9351997302583959       -5.1756099553127442E-013   1.1965407314975731E-003   933.41021878137281        1.1802899398394389E-002   79.843457194480578        32.113757802119153        47.729699392361425     
  0.85956986505603605        6.8214054826634214E-006  0.38331260523260569        5.9055483728461531E-006  -6.0830520920619948       -8.1368135605578402       -1.1873911976171425E-014   1.2163726008988386E-003   933.47612579758777        1.1732997492621029E-002   80.287004363125149        32.199233991667128        48.087770371458021     
  0.86243629331537730        7.3641565608475875E-006  0.38122237825641098        6.4813194020343209E-006  -6.0046846321785123       -8.3431031222616650       -9.5779646209318852E-016   1.2372312666511529E-003   933.54309163832761        1.1659611243249747E-002   80.752681172618722        32.290676294239020        48.462004878379702     
  0.86500208229416253        7.9500921020604856E-006  0.37912767809861664        7.1131705155369408E-006  -5.9247952552785046       -8.5539272480976525       -5.2831747745414882E-015   1.2586891987864043E-003   933.61096699085385        1.1582854853207234E-002   81.223105474001116        32.380887094408926        48.842218379592190     
  0.86737288992295869        8.5826481157768842E-006  0.37700839568546701        7.8065354359315334E-006  -5.8432310963704799       -8.7697495370017808       -3.2881666483830776E-014   1.2804966589466231E-003   933.68002440514863        1.1503219362082288E-002   81.706131208506662        32.473018911486321        49.233112297020341     
  0.86949100045655725        9.2655340005629611E-006  0.37487157883926975        8.5672119732214915E-006  -5.7600435950560760       -8.9904644149599058       -3.6711269973460782E-014   1.3028351788585250E-003   933.75018516066586        1.1420831197230934E-002   82.202599080193679        32.567327031795209        49.635272048398470     
  0.87125161457983213        1.0002754296517874E-005  0.37273197726249013        9.4016149968018908E-006  -5.6752484069195877       -9.2160213794143644       -4.9091752951841137E-015   1.3255737949069253E-003   933.82136563694485        1.1336144316692600E-002   82.715207308365848        32.663632520121268        50.051574788244579     
  0.87268886601885920        1.0798632168467307E-005  0.37058897203102720        1.0316953165601204E-005  -5.5886128584610599       -9.4471317956399545       -2.1290714602658436E-015   1.3483962154734689E-003   933.89389554869217        1.1250454862732209E-002   83.246101138083219        32.762135553807241        50.483965584275978     
  0.87382931731480729        1.1657834757617810E-005  0.36845479753954058        1.1321393468419949E-005  -5.5002325107520740       -9.6836993631395902       -3.3669112234673833E-016   1.3715054054449284E-003   933.96767389312288        1.1162845248368913E-002   83.786819131665126        32.862973229052095        50.923845902613031     
  0.87466435861728908        1.2585400550337614E-005  0.36632457281587127        1.2423614615838868E-005  -5.4102081818175822       -9.9254384942195113       -1.1054487166076634E-014   1.3952755621134487E-003   934.04253455972935        1.1071553136130455E-002   84.337632426672641        32.967205626124411        51.370426800548231     
  0.87509127432388478        1.3586768924558389E-005  0.36416274367242502        1.3632146236957396E-005  -5.3182214814681883       -10.172851298273565       -2.1652185027690220E-013   1.4184111641297003E-003   934.11875222280730        1.0976841551327245E-002   84.909880021721619        33.075271322585145        51.834608699136474     
  0.87495923497592087        1.4667812047062214E-005  0.36196740936991512        1.4955247698550056E-005  -5.2243453354845126       -10.425778773638314       -2.8027852231053449E-012   1.4394652263044927E-003   934.19623266738347        1.0880888996620075E-002   85.497628248537708        33.184154719977400        52.313473528560309     
  0.87441816875816447        1.5834869308704039E-005  0.35976719567954513        1.6403666152525677E-005  -5.1288801066149627       -10.684124236628310       -3.9124266154550209E-012   1.4617813598500993E-003   934.27483743884227        1.0785396810731403E-002   86.077547892677288        33.290318020454563        52.787229872222724     
  0.87372184685196352        1.7094784499502638E-005  0.35754715382624691        1.7991130689586256E-005  -5.0316883683311344       -10.948426371025919       -2.9959460117921136E-012   1.4876894711640476E-003   934.35481925192539        1.0690284097376946E-002   86.646582958886867        33.393427598321800        53.253155360565067     
  0.87291036731754956        1.8454945941600101E-005  0.35529393474689741        1.9733549393982953E-005  -4.9327540032138755       -11.218313239827111       -2.1340857406171823E-012   1.5152765083107536E-003   934.43607813528376        1.0591602455143017E-002   87.284104302987771        33.504330734978559        53.779773568009212     
  0.87187906668769455        1.9923329815435293E-005  0.35300782125636743        2.1645318994301304E-005  -4.8321499158985750       -11.493515569954889       -1.9436028289350164E-012   1.5405626963478562E-003   934.51849000673906        1.0486379609803986E-002   88.057866993193684        33.632501343972656        54.425365649221028     
  0.87052162187924831        2.1508546933202078E-005  0.35069244860467075        2.3737362059115483E-005  -4.7297344593031960       -11.774983748334602       -2.8577490540253107E-012   1.5621609301543138E-003   934.60235969602047        1.0378332382663837E-002   88.884453732612343        33.767731672947384        55.116722059664959     
  0.86863654897676468        2.3219893233878535E-005  0.34835270359987569        2.6022360815023614E-005  -4.6255746805215443       -12.062642368903139       -4.7845441952225527E-012   1.5841602261281707E-003   934.68757331206484        1.0271149694844746E-002   89.678498879082184        33.898887827247535        55.779611051834650     
  0.86610294269985411        2.5067404295937277E-005  0.34598169236209014        2.8517972355599658E-005  -4.5197066828851957       -12.356099722397980       -7.6707402712971949E-012   1.6080427248798533E-003   934.77393193955845        1.0164783463404378E-002   90.426729615492306        34.025036164851237        56.401693450641069     
  0.86311369264259974        2.7061914187407047E-005  0.34356076067827701        3.1247194470056209E-005  -4.4119389397945614       -12.655928430072686       -5.4276369801568996E-012   1.6357168742529352E-003   934.86167977652724        1.0058336846546974E-002   91.110991113115873        34.147615013493706        56.963376099622167     
  0.85998476323358219        2.9215118998390905E-005  0.34109360666920802        3.4238308299118520E-005  -4.3024463019392654       -12.961778365537677       -8.3762941744975557E-012   1.6631984501221655E-003   934.95075996122853        9.9516947321369592E-003   91.748415665976253        34.267886996644755        57.480528669331498     
  0.85665426088589847        3.1539645428604555E-005  0.33860001852270022        3.7514228009188631E-005  -4.1913462133784023       -13.273531168700377       -1.4734132383278962E-011   1.6895165796346676E-003   935.04105288773530        9.8440163384160891E-003   92.446739248184329        34.391469995504885        58.055269252679444     
  0.85308004768077550        3.4049124832142018E-005  0.33606071988179453        4.1098279108535558E-005  -4.0783918579382750       -13.591903266194651       -9.2405807808259302E-012   1.7139223296621696E-003   935.13285143377493        9.7343592977886008E-003   93.220038980028775        34.519759576851875        58.700279403176900     
  0.84910912958658535        3.6758273153677760E-005  0.33345483455149388        4.5009561436437707E-005  -3.9638098344091777       -13.916396947125207       -1.0580852664794316E-011   1.7374459392265323E-003   935.22602189460451        9.6237893170517206E-003   93.960984060489864        34.646643308610344        59.314340751879520     
  0.84458473021751379        3.9682977224862368E-005  0.33080737422009149        4.9276422629264498E-005  -3.8476766203898398       -14.246951245316826       -1.1766204557693835E-011   1.7624220909916188E-003   935.32034554044014        9.5109942915806642E-003   94.753047848058728        34.780059986397717        59.972987861661011     
  0.83953226588798102        4.2840387926966269E-005  0.32812724016096151        5.3937898619956809E-005  -3.7295658594929808       -14.584676510239989       -1.0863607102745204E-011   1.7880555086900389E-003   935.41610046590085        9.3940720914294402E-003   95.702756369414288        34.928321955291729        60.774434414122560     
  0.83403870216494103        4.6249020766090538E-005  0.32539241829064280        5.9027793963166753E-005  -3.6097018955455145       -14.928931121988457       -2.9290785072688268E-011   1.8120117311349595E-003   935.51320699627331        9.2752859324144350E-003   96.693581595738735        35.081024768393831        61.612556827344903     
  0.82811548779958288        4.9928864450731992E-005  0.32259163089233067        6.4576658922141513E-005  -3.4884375074476051       -15.279005270215180       -2.3994906074217738E-011   1.8367134955270359E-003   935.61148112149806        9.1570570539865302E-003   97.621191315370865        35.228287913257219        62.392903402113646     
  0.82174849606743072        5.3901498108417012E-005  0.31972494168515031        7.0625124179131003E-005  -3.3654780602794792       -15.635909326466289       -2.0722426544924039E-011   1.8619813349408337E-003   935.71118473069635        9.0380534104342203E-003   98.548096064461305        35.375124666298497        63.172971398162808     
  0.81488770924672227        5.8190217828779154E-005  0.31679741054228466        7.7215730397747653E-005  -3.2409136645799173       -15.999415672420422       -1.8248374317495503E-011   1.8857117041408498E-003   935.81219841116615        8.9175413824442492E-003   99.509972921115647        35.524971503742982        63.985001417372665     
  0.80749471934895234        6.2820173275147064E-005  0.31381054635762590        8.4391647209090004E-005  -3.1149655752759831       -16.368967671194014       -1.5829960160368925E-011   1.9095225732740806E-003   935.91432216716350        8.7955709762911442E-003   100.50774255898688        35.678130819224840        64.829611739762043     
  0.79959171207688462        6.7818515165752485E-005  0.31075236736688105        9.2203147728796248E-005  -2.9873850503982360       -16.745396780002189       -3.5660167675542841E-011   1.9337064578612059E-003   936.01782767873078        8.6714267082894474E-003   101.55877442111884        35.836307854059008        65.722466567059826     
  0.79113519482011740        7.3214554489409500E-005  0.30762331077182542        1.0069977340014055E-004  -2.8583218964046426       -17.128356394518303       -3.1725490520654442E-011   1.9564394940838107E-003   936.12258748652539        8.5459925335005845E-003   102.63069866931984        35.996131358228716        66.634567311091132     
  0.78207421593373250        7.9039934389327861E-005  0.30442395469089784        1.0993136134928062E-004  -2.7280394589805024       -17.517188044893857       -2.8952454606364114E-011   1.9788985713988009E-003   936.22838269706847        8.4199139744972184E-003   103.70861649412439        36.155207622705618        67.553408871418767     
  0.77243210257253792        8.5328815723012121E-005  0.30113721026448609        1.1995543032794979E-004  -2.5963341272407821       -17.912618809239575       -2.6378799470604578E-011   2.0013622462242363E-003   936.33547814544033        8.2918440946388467E-003   104.82017218594306        36.317311107193099        68.502861078749959     
  0.76217806600630533        9.2118077386395917E-005  0.29776435556416159        1.3083161497662378E-004  -2.4633734899127071       -18.314247565625372       -2.3980060502537076E-011   2.0222853646098835E-003   936.44372871261794        8.1617453450634099E-003   105.96690831413147        36.482925385410162        69.483982928721304     
  0.75127229118531158        9.9447532576940799E-005  0.29430663850600808        1.4261919260165023E-004  -2.3294459511697494       -18.721310095552482       -2.1978236132170254E-011   2.0428821718407571E-003   936.55289453049841        8.0304659103818902E-003   107.13324967135533        36.648766292746366        70.484483378608957     
  0.73973003185047248        1.0736016226389719E-004  0.29074443607156936        1.5538251166991358E-004  -2.1943778207370701       -19.134444485806380       -4.3907511332725283E-011   2.0631978985417971E-003   936.66323490407638        7.8972408914389398E-003   108.33007664398431        36.815956131843329        71.514120512140977     
  0.72752402795135573        1.1590236723483019E-004  0.28707640808350571        1.6918622359615571E-004  -2.0583908248955289       -19.553100373610977       -3.9447657276344617E-011   2.0813839155941730E-003   936.77458909722236        7.7618922925451897E-003   109.56161378658763        36.985352192363464        72.576261594224164     
  0.71461579647598805        1.2512424019644740E-004  0.28330182063401688        1.8409325540814854E-004  -1.9218290644211091       -19.976314642118908       -3.6338098748644067E-011   2.0988551847892392E-003   936.88668838222509        7.6245416029956494E-003   110.82355555103068        37.156575374675377        73.666980176355310     
  0.70101211000556796        1.3507985952536619E-004  0.27939556183694336        2.0016767164211219E-004  -1.7845767322320101       -20.404506666257010       -3.3576018808345959E-011   2.1157774002762376E-003   936.99977550086533        7.4847933849545006E-003   112.11065449709376        37.328410485688245        74.782244011405510     
  0.68670743373443421        1.4582760639141704E-004  0.27535001037336315        2.1747027844464846E-004  -1.6469482646231097       -20.836810970940313       -3.0664598816594360E-011   2.1300725015379182E-003   937.11366544936334        7.3425968245573415E-003   113.41977941424210        37.500351399360802        75.919428014881305     
  0.67168327501873348        1.5743050711313964E-004  0.27116031169084842        2.3605610320700084E-004  -1.5093905524628435       -21.271917777435704       -5.5590513628976768E-011   2.1430113542349766E-003   937.22805267530089        7.1978051968937659E-003   114.75504841426374        37.672655026458436        77.082393387805297     
  0.65597283387828365        1.6995660275309187E-004  0.26679475910369360        2.5597404147833423E-004  -1.3719021218628045       -21.709864664124979       -4.9626563071642521E-011   2.1547162085610795E-003   937.34314855738546        7.0494943236589815E-003   116.11781372640280        37.845971443569567        78.271842282833234     
  0.63960240630564535        1.8347934812033281E-004  0.26223955772390167        2.7726382964235935E-004  -1.2349180980980490       -22.149328490778920       -4.3356286645587534E-011   2.1630354635203408E-003   937.45873249698275        6.8976074583711111E-003   117.49898716372664        38.018916128059622        79.480071035667009     
  0.62260038071991486        1.9807804251988578E-004  0.25748260339506795        2.9994890242457855E-004  -1.0990465486342784       -22.588401690387656       -3.7161944938044026E-011   2.1691836255848594E-003   937.57445263390889        6.7424328242222109E-003   118.88972061329414        38.188417106557331        80.701303506736821     
  0.60507252962975200        2.1383829477515865E-004  0.25248108485003257        3.2403002904097991E-004 -0.96449142766410745       -23.026383173630130       -5.7354025502955641E-011   2.1731841028845319E-003   937.69047247867229        6.5824634497564042E-003   120.29634342558433        38.356651704803532        81.939691720780786     
  0.58714529352729161        2.3085252525027839E-004  0.24720949568232536        3.4948448494958467E-004 -0.83193502229998051       -23.461055120936624       -4.4795175307157626E-011   2.1726912810702236E-003   937.80652143672830        6.4170074728835654E-003   121.71401684905545        38.524094865088522        83.189921983966940     
  0.56897273986413632        2.4922050781627067E-004  0.24164702786776218        3.7626159358638411E-004 -0.70223737369973560       -23.889529363424760       -5.9595851483151720E-011   2.1688118070875314E-003   937.92217938582269        6.2459465428266140E-003   123.13239277435667        38.688622794441272        84.443769979915402     
  0.55082288671294666        2.6904995493925158E-004  0.23574705709482988        4.0427993918483083E-004 -0.57585950003118069       -24.310174529774741       -3.9228419527521991E-011   2.1615993705409015E-003   938.03754360450466        6.0687449533525584E-003   124.52889327243831        38.846096897198763        85.682796375239548     
  0.53300898229555538        2.9045714932167139E-004  0.22948380688934669        4.3342960905074402E-004 -0.45369697218103527       -24.719803415415331       -4.2146065118851929E-011   2.1487825399895753E-003   938.15228261754964        5.8844356804049897E-003   125.90406198036591        38.998433220229977        86.905628760135926     
  0.51590834346213299        3.1356762580064519E-004  0.22284912897270834        4.6359275102562524E-004 -0.33674663690161821       -25.114848111856841       -3.8793596229310212E-011   2.1315038413138427E-003   938.26591977426676        5.6934006579998251E-003   127.23628570799534        39.141667353937372        88.094618354057957     
  0.50002617882659317        3.3851690750211926E-004  0.21581796614053739        4.9462848656337780E-004 -0.22556777433119651       -25.493262699485484       -5.6158684003975617E-011   2.1098213768353802E-003   938.37850125972886        5.4947124717055146E-003   128.52280908231390        39.277446144245118        89.245362938068780     
  0.48581543425705226        3.6545130056778516E-004  0.20840093927827238        5.2641697066668747E-004 -0.12089499550041306       -25.852028265905524       -6.6965111318784543E-011   2.0823096364749201E-003   938.48967277647148        5.2886531531935784E-003   129.75706629632447        39.405273638125834        90.351792658198633     
  0.47373232655288627        3.9452875211513482E-004  0.20066486188014734        5.5896853561323938E-004  -2.3177202071012506E-002  -26.189528512035615       -6.3381459243913811E-011   2.0513894974358684E-003   938.59896445297863        5.0772427616422562E-003   130.92171370494040        39.522427625592670        91.399286079347732     
  0.46436267425263572        4.2591977646185572E-004  0.19267146701500185        5.9244600452146431E-004   6.7889458623252186E-002  -26.506685532395501       -4.8681341517723866E-011   2.0182910017296791E-003   938.70648580721922        4.8615237093389873E-003   132.04800374233383        39.631949510223684        92.416054232110156     
  0.45772431589570917        4.5980845504607783E-004  0.18451641052382969        6.2702820428062200E-004  0.15274836463986660       -26.804271627947312       -3.3462831982191796E-011   1.9819541780983132E-003   938.81201544024009        4.6438909213902509E-003   133.09986926199605        39.733132715374197        93.366736546621851     
  0.45385631083775951        4.9639351590614758E-004  0.17631663018674543        6.6305986399933824E-004  0.23193508022968551       -27.083926412298176       -3.5493499308204429E-011   1.9451726820097302E-003   938.91525571054058        4.4271968286109962E-003   134.08869149118473        39.825840867930189        94.262850623254536     
  0.45285627677591045        5.3588949905015147E-004  0.16815685805825292        7.0099219347938887E-004  0.30649912242136407       -27.349244977677220       -3.3206261581758866E-011   1.9095245866654557E-003   939.01648497029328        4.2133058511012820E-003   135.03513623557419        39.910914502236444        95.124221733337748     
  0.45453714674437801        5.7852801454908310E-004  0.16012851689155333        7.4133444078604239E-004  0.37732910993582486       -27.602964681982424       -5.6421883771961226E-011   1.8745982128323087E-003   939.11567356295245        4.0041610983367702E-003   135.94052201151499        39.990505471645314        95.950016539869665     
  0.45865485485738156        6.2455910073129029E-004  0.15231720156850917        7.8464359696594707E-004  0.44515307693321349       -27.847666335243957       -3.4480349518568820E-011   1.8421208091730437E-003   939.21271569943963        3.8016152071275885E-003   136.82207309900923        40.066435456097494        96.755637642911736     
  0.46512617933596112        6.7425269044284718E-004  0.14475485597305274        8.3150151134639991E-004  0.51088997466092945       -28.086431682246243       -2.6004533944830508E-011   1.8133770976586328E-003   939.30802385373795        3.6062785890124622E-003   137.68869427727446        40.139690329494996        97.549003947779468     
  0.47376138518533717        7.2790019397221423E-004  0.13748141407768044        8.8253707361532171E-004  0.57515021606033123       -28.321348895402227        4.0680205127514135E-011   1.7871714090133715E-003   939.40169847061952        3.4191862966311175E-003   138.54191638633515        40.208775297734498        98.333141088600655     
  0.48430577939241753        7.8581620792167776E-004  0.13053122108023790        9.3840968179216729E-004  0.63836484900320922       -28.553950327844895        3.1956907445288168E-011   1.7648068537946761E-003   939.49371808574779        3.2410041093899494E-003   139.38618918271126        40.274982136296437        99.111207046414819     
  0.49677067144548331        8.4834036004663774E-004  0.12389706362893776        9.9981511672689836E-004  0.70109969820895668       -28.786214051282002        4.3616748458273359E-011   1.7467517270148623E-003   939.58454935129794        3.0711606523483636E-003   140.24341222959643        40.342184920393478        99.901227309202952     
  0.51104547757906615        9.1583930088114140E-004  0.11758591553933385        1.0675161363079887E-003  0.76367271936605052       -29.019305043278248        5.1223937451512392E-011   1.7317861303269844E-003   939.67433774995072        2.9099886102909880E-003   141.10645770717878        40.407648862663699        100.69880884451507     
  0.52694064671536156        9.8870885382884100E-004  0.11160633034839507        1.1423186488870387E-003  0.82626425587299368       -29.253947701322737        5.4829179904379528E-011   1.7207006749176304E-003   939.76307806109003        2.7576767869433453E-003   141.97748985263189        40.471168931063644        101.50632092156825     
  0.54456359364347962        1.0673763363278157E-003  0.10593573560127986        1.2251219804103280E-003  0.88923117527435369       -29.491448620599343        5.5015551653697191E-011   1.7138370162560984E-003   939.85124460156362        2.6134664067838809E-003   142.86649003031670        40.534584446818165        102.33190558349852     
  0.56387098891402643        1.1523030657008939E-003  0.10056817308452265        1.3169324711955227E-003  0.95274690750535418       -29.732455361815127        5.2488339594773164E-011   1.7103079069836341E-003   939.93898817129445        2.4772921420792085E-003   143.76913928791416        40.595979053882097        103.17316023403205     
  0.58470544312330130        1.2439870643861451E-003   9.5502844709190501E-002   1.4188146224411201E-003   1.0168800791047059       -29.977354098070801        4.7877666664242107E-011   1.7104936833301527E-003   940.02628884823434        2.3489237992060262E-003   144.69549229366262        40.658231852688061        104.03726044097456     
  0.60726437576503633        1.3429659804113970E-003   9.0714862127598078E-002   1.5320123776227112E-003   1.0818803107970010       -30.227211583867870        4.2190625371868729E-011   1.7144955661344513E-003   940.11361978593038        2.2277593592346626E-003   145.64771819275356        40.720240117482120        104.92747807527144     
  0.63154114350055890        1.4498202402388515E-003   8.6195808593117110E-002   1.6578621880319773E-003   1.1478313593940841       -30.482671227862518        3.5017082773878989E-011   1.7214577195750883E-003   940.20112336804630        2.1137071782722197E-003   146.61041829755422        40.779395920043619        105.83102237751061     
  0.65737612913354737        1.5651764524685370E-003   8.1938433639933986E-002   1.7977375523735197E-003   1.2147082712779378       -30.743525830891492        7.7109309279981057E-011   1.7317158164376356E-003   940.28874941232277        2.0063279683000933E-003   147.59652638517090        40.840026560912612        106.75649982425830     
  0.68504480335041207        1.6897110823603930E-003   7.7908356946898044E-002   1.9531906511670426E-003   1.2826130467851122       -31.009355483393772        6.7811849062235283E-011   1.7452522054023627E-003   940.37696960604831        1.9047921104839041E-003   148.63693132542818        40.901313565556947        107.73561775987123     
  0.71455517520216649        1.8241544187229107E-003   7.4098424078169425E-002   2.1260612423734662E-003   1.3516089440118884       -31.280564202031805        5.6261559581010845E-011   1.7621107552544153E-003   940.46590387386823        1.8089760849377590E-003   149.71871546038255        40.961438292702020        108.75727716768054     
  0.74574303729180935        1.9692948564307270E-003   7.0517506018791504E-002   2.3185804111987064E-003   1.4218413345177032       -31.559185995504837        4.2180467090428213E-011   1.7831096023371738E-003   940.55546717237746        1.7190446088413108E-003   150.81418527705782        41.021362825145928        109.79282245191189     
  0.77897333371804112        2.1259835196844740E-003   6.7150628531815318E-002   2.5335827899482491E-003   1.4936604058291827       -31.847166866854177        8.3200745807629854E-011   1.8088748221135819E-003   940.64616204698893        1.6345612881762516E-003   151.93671061306648        41.081754001872142        110.85495661119434     
  0.81431280241682091        2.2951392531243200E-003   6.3981051165918595E-002   2.7736730818207940E-003   1.5670627315764598       -32.143790815793565        6.4890376694917773E-011   1.8377859544838982E-003   940.73813354799563        1.5552174687478342E-003   153.09977830165769        41.139514997528110        111.96026330412958     
  0.85157056449316904        2.4777540100658240E-003   6.0996233080630444E-002   3.0414328669650377E-003   1.6419330276870665       -32.448022439284820        5.1028403943537298E-011   1.8709839059818192E-003   940.83126235579323        1.4806087597818464E-003   154.32224020635743        41.196754030225634        113.12548617613180     
  0.89113943679114083        2.6748986694554735E-003   5.8185701331642165E-002   3.3410184874122693E-003   1.7187047949884082       -32.762101251307676        1.0617853455571261E-010   1.9100902126897349E-003   940.92606522431834        1.4103896667684978E-003   155.60109024573299        41.255160468754745        114.34592977697824     
  0.93310617813562458        2.8877293156573604E-003   5.5550091372321232E-002   3.6771292726536361E-003   1.7977135969354832       -33.087946072534137        7.6781967544566818E-011   1.9562994357509907E-003   941.02271318489841        1.3445606518761102E-003   156.93606368877113        41.314560069633266        115.62150361913785     
  0.97729263278783940        3.1174940178965672E-003   5.3088224879849689E-002   4.0549059219198262E-003   1.8792462508791066       -33.426797320181912        5.6442831419832354E-011   2.0108321550241616E-003   941.12111400731771        1.2831435332888695E-003   158.33377621023391        41.373412230029629        116.96036398020428     
   1.0241748949300653        3.3655401491148799E-003   5.0789137577603359E-002   4.4814530490765603E-003   1.9640071155362542       -33.781535905181407        4.1602837557022920E-011   2.0753097752175920E-003   941.22187268883374        1.2257729143921869E-003   159.81299788697757        41.434432512677859        118.37856537429971     
   1.0738751091321705        3.6333222871576371E-003   4.8652835473235193E-002   4.9648335662592184E-003   2.0525942725056336       -34.154878017540454        8.7089870190810000E-011   2.1508935852479413E-003   941.32524258154911        1.1724270333579982E-003   161.38689054265799        41.497576930766705        119.88931361189128     
   1.1261883610510039        3.9224107446254085E-003   4.6684755246211289E-002   5.5140512723254884E-003   2.1455316937397457       -34.549501471150769        5.9189823000034767E-011   2.2391073421270998E-003   941.43119590941626        1.1232900865996698E-003   163.07319114365455        41.560606606183931        121.51258453747062     
   1.1816833015978900        4.2345007774107594E-003   4.4878405558888383E-002   6.1414495423947855E-003   2.2438697447918718       -34.969857215417235        1.2833191139936193E-010   2.3416939618484691E-003   941.54050452077558        1.0781373255436568E-003   164.89014826331120        41.625511517186183        123.26463674612502     
   1.2404939190747168        4.5714225259202773E-003   4.3229312859709983E-002   6.8597392531103314E-003   2.3483113799960966       -35.419258699590067        9.4574495116493377E-011   2.4546394305129137E-003   941.65354065317445        1.0368496191555446E-003   166.84623912995937        41.692459225590987        125.15377990436838     
   1.3023510104703218        4.9351517472786084E-003   4.1734207917589541E-002   7.6814204708837205E-003   2.4591492067915066       -35.899887072858469        7.0758132126276285E-011   2.5786583655939160E-003   941.77032659198392        9.9927876992386981E-004   168.98225576218101        41.764000647494193        127.21825511468683     
   1.3679072548676674        5.3278214014496564E-003   4.0387385802558184E-002   8.6241672800969182E-003   2.5773484204713908       -36.416627897676769        5.2343699147706747E-011   2.7149146554090947E-003   941.89181939167179        9.6529901421092050E-004   171.32081670411242        41.839177690544247        129.48163901356816     
   1.4373214479327840        5.7517341592176370E-003   3.9180708632177229E-002   9.7042586937004620E-003   2.7030927730595580       -36.971173998767476        1.2266782301572439E-010   2.8535495241028422E-003   942.01846288252716        9.3470006052332106E-004   173.87780737996772        41.918050702360290        131.95975667760743     
   1.5102432661762906        6.2093759053765485E-003   3.8102431142110128E-002   1.0935342422029738E-002   2.8358130367469627       -37.562055988699285        8.4410927562189511E-011   2.9934353660825736E-003   942.15018688182226        9.0720091729449171E-004   176.66491278631858        42.000260266128620        134.66465252018997     
   1.5874018025076946        6.7034303163126998E-003   3.7140110114526920E-002   1.2336645429478505E-002   2.9757087803173241       -38.191374042363599        5.8889318651799605E-011   3.1342459712227198E-003   942.28802172049711        8.8252179133249111E-004   179.70121434030105        42.084142995855409        137.61707134444563     
   1.6689684748525409        7.2367945974652955E-003   3.6281428506568104E-002   1.3926589444058427E-002   3.1224714087126655       -38.859005242709117        1.5031672670532829E-010   3.2755370195637705E-003   942.43233111100835        8.6035975225463293E-004   182.99681169026115        42.169572912144858        140.82723877811628     
   1.7545166429417589        7.8125964729518146E-003   3.5514505121978311E-002   1.5722387706359899E-002   3.2753716362054308       -39.562881488794879        1.1678889641081282E-010   3.4126575251625098E-003   942.58280340422937        8.4045214878150198E-004   186.55636716285608        42.255531582360653        144.30083558049543     
   1.8448663954323923        8.4342125269877641E-003   3.4823055709435537E-002   1.7744074356204138E-002   3.4339110585637305       -40.302485114007069        9.5095834656081947E-011   3.5414422322289046E-003   942.74036036747555        8.2250129077130938E-004   190.38281592196779        42.336640614863477        148.04617530710431     
   1.9402397623402714        9.1052880046574511E-003   3.4199517593467475E-002   2.0014897053385761E-002   3.5977400642455000       -41.077733422358989        8.0620589683070705E-011   3.6765126156317117E-003   942.90526006478422        8.0632257361175515E-004   194.49777614240026        42.412209239618143        152.08556690278212     
   2.0401460933415509        9.8297581881504319E-003   3.3642754418102189E-002   2.2561630766239637E-002   3.7666933196289207       -41.889098142248187        7.0374564265008321E-011   3.8117325272007769E-003   943.07707562288351        7.9189105561137539E-004   198.92805293180402        42.481480061590531        156.44657287021349     
   2.1456298822887119        1.0611871473816772E-002   3.3141100045610779E-002   2.5413397221090376E-002   3.9402810299375326       -42.736458551237519        6.2684341548967191E-011   3.9414927004291413E-003   943.25658226361929        7.7896568600007603E-004   203.69427679279741        42.544252409816060        161.15002438298134     
   2.2569097662908506        1.1456214285368421E-002   3.2691862600777041E-002   2.8603077937036880E-002   4.1183530110935553       -43.620903242265648        5.6689714004578803E-011   4.0763439243730907E-003   943.44401321043085        7.6739372744803020E-004   208.82816383368754        42.601009611325971        166.22715422236158     
   2.3729885195658205        1.2367737969321125E-002   3.2298223841815125E-002   3.2164198689851750E-002   4.3011113406600261       -44.544403963248023        5.2031786037181372E-011   4.2123169305203429E-003   943.63893053624997        7.5723596247698514E-004   214.36635549981798        42.643469715493573        171.72288578432440     
   2.4949707137756314        1.3351787830395700E-002   3.1954441650682765E-002   3.6142298487363028E-002   4.4885804037933488       -45.509005921466979        1.8103565456623952E-010   4.3513605222587218E-003   943.84209341025291        7.4833287422263080E-004   220.33790389939688        42.670432181812792        177.66747171758408     
   2.6231898327332384        1.4414134477146279E-002   3.1658032775618503E-002   4.0584605573941522E-002   4.6806651457941202       -46.515793725072839        1.6966649718253731E-010   4.4933986913342893E-003   944.05370210065848        7.4005123894445540E-004   226.79452300699501        42.689890613710887        184.10463239328413     
   2.7570052259587388        1.5561007661630847E-002   3.1409883578054403E-002   4.5534821680463043E-002   4.8769816123421021       -47.565450177700512        1.5983190297442895E-010   4.6397096324517382E-003   944.27320762734450        7.3300505480889603E-004   233.80066810291004        42.689051951183870        191.11161615172617     
   2.8980698355169774        1.6799132811564692E-002   3.1209505427037543E-002   5.1063395705546695E-002   5.0777112516000598       -48.662382268760055        1.5197310078994988E-010   4.7938507391203557E-003   944.50154664865420        7.2829157452151407E-004   241.43838374827308        42.667426838833734        198.77095690943935     
   3.0464198154476207        1.8135770469186494E-002   3.1056163350497826E-002   5.7234293016811780E-002   5.2830257104756413       -49.808816924711664        1.4536798427866726E-010   4.9458415318851404E-003   944.73897428491114        7.2475343153273659E-004   249.79303555417519        42.617352383402348        207.17568317077286     
   3.2006970843833695        1.9578758868112198E-002   3.0948950528281883E-002   6.4098231243170503E-002   5.4925502133434811       -51.004795966596888        1.3802698095119983E-010   5.0963523246115219E-003   944.98477982594341        7.2191234737293121E-004   259.04882223884368        42.532506872108193        216.51631536673548     
   3.3620858527898605        2.1136559897853451E-002   3.0886290757025217E-002   7.1742186988308088E-002   5.7067580732885776       -52.254567489651372        1.3175376482047340E-010   5.2493233506299263E-003   945.24002071882455        7.1976559843708063E-004   269.12636390023891        42.418135387767848        226.70822851247107     
   3.5305899396161178        2.2818308725542986E-002   3.0866521170004251E-002   8.0246451855755407E-002   5.9256713120501647       -53.559947203657686        1.2799305811149524E-010   5.3999790797146360E-003   945.50490834547986        7.1839716357897801E-004   280.15361961619249        42.259240288125547        237.89437932806695     
   3.7048853253982665        2.4633867365855922E-002   3.0891236827164145E-002   8.9676943547861723E-002   6.1485936859430019       -54.922268687313355        1.2247393613259477E-010   5.5502371176070434E-003   945.77849513320916        7.1779247044908266E-004   292.37231058684273        42.038877990901341        250.33343259594139     
   3.8864787626732120        2.6593882513268573E-002   3.0961090914432721E-002  0.10014861693740514        6.3759233438980631       -56.347273496474450        1.1300555444941197E-010   5.7007503949503798E-003   946.06198138728143        7.1750281169404083E-004   305.71470591029151        41.763029237773090        263.95167667251843     
   4.0753719412239642        2.8709847975791389E-002   3.1073378093578789E-002  0.11176419436151531        6.6076301843259291       -57.836330993598395        1.0192410117291425E-010   5.8459990834296705E-003   946.35557693317162        7.1789747712042878E-004   320.64928977640915        41.430297952497384        279.21899182391178     
   4.2694465240190684        3.0994172076296279E-002   3.1225542423397395E-002  0.12459425927455312        6.8430283802868690       -59.388432178198393        8.6922446046550492E-011   5.9840527633929124E-003   946.65805260355933        7.1805566689877437E-004   337.79323733978111        40.994814746822627        296.79842259295850     
   4.4701777840020389        3.3460250416689437E-002   3.1416637183329071E-002  0.13877371457293944        7.0823733086552387       -61.008501587018046        6.2716358933170465E-011   6.1173924512541254E-003   946.97067837533052        7.1930277064954245E-004   357.54979497775327        40.463813869962344        317.08598110779093     
   4.6776712729305512        3.6122544431628940E-002   3.1649342867733819E-002  0.15442901169109685        7.3254501503128404       -62.701420031347773        2.1621259955563694E-010   6.2486885885952781E-003   947.29361933214955        7.2190365340365798E-004   380.82436343584396        39.851174163444732        340.97318927239922     
   4.8899216602984819        3.8996666192437544E-002   3.1931640885721133E-002  0.17166007394610300        7.5714286219693214       -64.473242406447227        8.2845607070489405E-011   6.3786149981536278E-003   947.62529632175972        7.2277468171217329E-004   405.99305445522907        38.995632761569212        366.99742169365987     
   5.1087064814077472        4.2099469958512659E-002   3.2265048915594126E-002  0.19066636776106119        7.8210964361746145       -66.331315505022999        2.2671886563179836E-010   6.5080019234136678E-003   947.96714207929040        7.1939966276099985E-004   428.37741562266569        37.730059436309780        390.64735618635592     
   5.3345651296686585        4.5449151013104212E-002   3.2611700662145547E-002  0.21155965613582003        8.0728604234076364       -68.251858668903665        3.1604480705410528E-010   6.5849448669241528E-003   948.31925647620767        7.1549731351157851E-004   456.51967370510374        36.437417035129819        420.08225666997390     
   5.5647504775925665        4.9065352363047390E-002   3.2917546383284847E-002  0.23428478303833861        8.3231066734785646       -70.194436350377273        2.9691943233726054E-010   6.6223911510281258E-003   948.67974253439922        7.2547893428180025E-004   524.72784993309040        35.883027393339262        488.84482253975114     
   5.7958275902811680        5.2969279928152667E-002   3.3161283391072237E-002  0.25885560660387347        8.5748684929789221       -72.148323348530624        4.1918990169520352E-010   6.6701264274570213E-003   949.05026086357634        7.4157500801519405E-004   654.78147211313456        36.630845838712226        618.15062627442228     
   6.0301495589593967        5.7183826895740149E-002   3.3507105845173468E-002  0.28602500457428043        8.8363508898109568       -74.237989636218529        2.0411524281331755E-010   7.0729673338100459E-003   949.43048803777708        5.8193059243847331E-004   589.51247237470648        28.974376234957504        560.53809613974897     
   6.2859424803989752        6.1733707969550973E-002   3.4223501517388413E-002  0.31785903488871409        9.1162741774470089       -76.666104675618286        2.8596582688430054E-010   7.9000550579413457E-003   949.81901403373331        2.7671244554357927E-004   309.55955794327184        13.986963930066192        295.57259401320567     
   6.5830584497857281        6.6645604300290387E-002   3.5394168298043122E-002  0.35662263250800480        9.4228333622680935       -79.505158472109457        4.9278595514268130E-010   9.0387245394448791E-003   950.22072520515906        1.4268365766794509E-004   293.22599376126789        12.133961336035462        281.09203242523245     
   6.9191288013795074        7.1948319947696029E-002   3.6983056566908902E-002  0.40399190455676715        9.7707192261753590       -82.734248454326007        1.8588184099214877E-010   1.0370277689673359E-002   950.64032160137515        1.1091126418776362E-004   161.89915931964228        6.6008360901141474        155.29832322952814     
   7.2832146686277266        7.7672950791647002E-002   3.8717757773911045E-002  0.46183380724419104        10.178956895146847       -86.138990698542500        1.9822651725868204E-010   1.1882441095591742E-002   951.08148525537695        0.0000000000000000        0.0000000000000000        0.0000000000000000        0.0000000000000000     
   7.6674688928846031        8.3853066882832922E-002   4.0425547147715721E-002  0.53242352373466317        10.668885842136033       -89.595926614710180        3.7273151760168971E-010   1.3249208864474119E-002   951.55218084253249        0.0000000000000000        0.0000000000000000        0.0000000000000000        0.0000000000000000     
   8.0719021121369732        9.0524909302312814E-002   4.2049805590463459E-002  0.61847061853758201        11.252507726953313       -93.070142416724806        2.0826582851379865E-010   1.4892769486565458E-002   952.05774906660213        0.0000000000000000        0.0000000000000000        0.0000000000000000        0.0000000000000000     
   8.5022695569185078        9.7727602684376705E-002   4.3634004605463024E-002  0.72468938371520963        11.949796224557499       -96.591351816408519        3.1512312726174408E-010   1.6948528088059994E-002   952.60204060692092        0.0000000000000000        0.0000000000000000        0.0000000000000000        0.0000000000000000     
   8.9618537445966791       0.10550338464897398        4.5137910556540262E-002  0.85691723118804830        12.791563456553083       -100.13433466676847        4.6511591022280159E-010   1.9443747169249667E-002   953.19653998122453        0.0000000000000000        0.0000000000000000        0.0000000000000000        0.0000000000000000     
   9.4535911741932708       0.11389785348913321        4.6538235248741816E-002   1.0224702898123539        13.810456462034949       -103.68137445432933        2.3413912523848755E-010   2.2404896508901616E-002   953.85219024022479        4.7837712152252908E-007  0.34078878301925597        2.0529111314873148E-002  0.32025967170438280     
   9.9756194923290487       0.12296023556584743        4.7819780655758037E-002   1.2301323341534793        15.040939879566633       -107.21576037437316        3.3396107531013631E-010   2.5928775051131749E-002   954.57743897070065        0.0000000000000000        0.0000000000000000        0.0000000000000000        0.0000000000000000     
   10.534819371247391       0.13274367397846695        4.8966528985356084E-002   1.4918666425354086        16.528948134378478       -110.72648086631401        4.6206331471997846E-010   3.0117464049507610E-002   955.39027125317250        0.0000000000000000        0.0000000000000000        0.0000000000000000        0.0000000000000000     
   11.135182728438581       0.14330554020340358        4.9969505823879663E-002   1.8225652734260709        18.326378401556060       -114.20402214445460        6.2266369653206352E-010   3.5070464866710456E-002   956.30877981357230        0.0000000000000000        0.0000000000000000        0.0000000000000000        0.0000000000000000     
   11.775080465456149       0.15470777052864040        5.0830006798408461E-002   2.2404852304160778        20.490228643516375       -117.64119689940844        2.9808890204275361E-010   4.0909434923561735E-002   957.34857713502993        0.0000000000000000        0.0000000000000000        0.0000000000000000        0.0000000000000000     
   12.462692705698151       0.16701722925694679        5.1549941644897998E-002   2.7698907364578087        23.093962282143696       -121.03740576756057        3.8710528508843947E-010   4.7791180446263619E-002   958.53753694647298        0.0000000000000000        0.0000000000000000        0.0000000000000000        0.0000000000000000     
   13.202947923026572       0.18030610080767390        5.2141216985009863E-002   3.4415972666070509        26.224262263705366       -124.39608643602041        4.9952030131180706E-010   5.5927023510218353E-002   959.90504294241168        0.0000000000000000        0.0000000000000000        0.0000000000000000        0.0000000000000000     
   13.994231904495585       0.19465231301647190        5.2624196840764192E-002   4.2945318780011545        29.982022185364784       -127.72266983147688        6.4028994848880756E-010   6.5526296741595380E-002   961.47904073211396        0.0000000000000000        0.0000000000000000        0.0000000000000000        0.0000000000000000     
   14.846068258549325       0.21013999411521839        5.3028986441213670E-002   5.3797092133010898        34.492675059563403       -131.03927542954622        8.2203859265775252E-010   7.6816237575038832E-002   963.30351430984524        0.0000000000000000        0.0000000000000000        0.0000000000000000        0.0000000000000000     
   15.764449156446773       0.22685996607195311        5.3388932203435664E-002   6.7629616129900851        39.908503933405051       -134.36924559839693        4.0315845643081373E-010   9.0195203905083648E-002   965.42715188800094        0.0000000000000000        0.0000000000000000        0.0000000000000000        0.0000000000000000     
   16.747791040259624       0.24491027718383565        5.3732623483988336E-002   8.5289756467482469        46.412155300841441       -137.72860880358425        5.2476173504234713E-010  0.10599360791208794        967.90041739570540        0.0000000000000000        0.0000000000000000        0.0000000000000000        0.0000000000000000     
   17.807062795131817       0.26439677704632575        5.4115173769154826E-002   10.787882856701703        54.224730338038171       -141.16823996846676        6.9354031509566956E-010  0.12454167477823827        970.79528532243296        0.0000000000000000        0.0000000000000000        0.0000000000000000        0.0000000000000000     
   18.949483844152986       0.28543373727028848        5.4581145590587903E-002   13.681739406248223        63.612679527591176       -144.72998636023948        9.3340455803400298E-010  0.14637889718199612        974.19436770550476        0.0000000000000000        0.0000000000000000        0.0000000000000000        0.0000000000000000     
   20.173390446504033       0.30814452158699746        5.5150381255088476E-002   17.392833604540943        74.893243285030721       -148.42969451659110        5.0461912065053161E-010  0.17195043992619560        978.18820902586776        0.0000000000000000        0.0000000000000000        0.0000000000000000        0.0000000000000000     
   21.491601247845935       0.33266230927062679        5.5887303808249481E-002   22.157851873339030        88.448263310144668       -152.33688335552449        7.1613840358035448E-010  0.20170042062530871        982.89751482574059        0.0000000000000000        0.0000000000000000        0.0000000000000000        0.0000000000000000     
   22.912836374462952       0.35913087612048517        5.6836331816797529E-002   28.278770646519781        104.72666107097572       -156.50165009431174        1.0507161560404017E-009  0.23606717184472578        988.46250736808463        0.0000000000000000        0.0000000000000000        0.0000000000000000        0.0000000000000000     
   24.434917188261849       0.38770543758278242        5.8003904125002746E-002   36.137491679139842        124.24878473439203       -160.93182326420276        6.4705470323784548E-010  0.27548781465531308        995.04027867108084        0.0000000000000000        0.0000000000000000        0.0000000000000000        0.0000000000000000     
   26.072707765729614       0.41855355895611518        5.9449463160298900E-002   46.229681090293333        147.64589624154809       -165.69659905759531        1.0106502992388966E-009  0.32042236681825470        1002.8327589744623        0.0000000000000000        0.0000000000000000        0.0000000000000000        0.0000000000000000     
   27.835971781581652       0.45185613801824603        6.1216867368409811E-002   59.180497718854866        175.64403764359301       -170.84793825897634        6.6891436561683833E-010  0.37084744681688431        1012.0732923524570        0.0000000000000000        0.0000000000000000        0.0000000000000000        0.0000000000000000     
   29.719686896229550       0.48780846583643928        6.3317701519804120E-002   75.768661154164491        209.06251245801417       -176.40128555207551        1.0685014272045416E-009  0.42690069628495381        1023.0228589706479        0.0000000000000000        0.0000000000000000        0.0000000000000000        0.0000000000000000     
   31.739680260021689       0.52662137198209713        6.5807251913281919E-002   96.999352948559419        248.89834582488234       -182.42072645384411        7.5390873531099249E-010  0.48877517606879478        1036.0114296950107        0.0000000000000000        0.0000000000000000        0.0000000000000000        0.0000000000000000     
   33.903869617999092       0.56852246086539693        6.8743231661361787E-002   124.12961685597952        296.28466519820012       -188.97042861607517        1.2701424673799014E-009  0.55571938740528926        1051.4165197182390        0.0000000000000000        0.0000000000000000        0.0000000000000000        0.0000000000000000     
   36.198431491542244       0.61375744643997210        7.2175690797809625E-002   158.71041380291092        352.48029597193204       -196.10785864826096        9.2988861523456042E-010  0.62725513018738277        1069.6558929240884        0.0000000000000000        0.0000000000000000        0.0000000000000000        0.0000000000000000     
   38.635644374965850       0.66259159310453752        7.6178001902392073E-002   202.72010769477598        419.00100187261324       -203.91458925873599        6.8261462944026769E-010  0.70296267139366808        1091.2515985795458        0.0000000000000000        0.0000000000000000        0.0000000000000000        0.0000000000000000     
   41.216077086310769       0.71531127125110572        8.0840171171101760E-002   258.61765398085095        497.56044814396193       -212.48647672213909        1.0916943566180358E-009  0.78147433112812759        1116.7961484129873        0.0000000000000000        0.0000000000000000        0.0000000000000000        0.0000000000000000     
   43.909916414342121       0.77222563658175869        8.6261301323768358E-002   329.42577673395300        590.05728435894821       -221.93608515469458        7.5386300508913436E-010  0.86169459617116861        1146.9397588735155        0.0000000000000000        0.0000000000000000        0.0000000000000000        0.0000000000000000     
   46.719762102997215       0.83366844304171916        9.2563651411234488E-002   418.94599873767737        698.73122982483687       -232.38537765285898        1.0501789245883491E-009  0.94262588697206329        1182.4830797642223        0.0000000000000000        0.0000000000000000        0.0000000000000000        0.0000000000000000     
